-6 0
-5.98799 0
-5.97598 0
-5.96396 0
-5.95195 0
-5.93994 0
-5.92793 0
-5.91592 0
-5.9039 0
-5.89189 0
-5.87988 0
-5.86787 0
-5.85586 0
-5.84384 0
-5.83183 0
-5.81982 0
-5.80781 0
-5.7958 0
-5.78378 0
-5.77177 0
-5.75976 0
-5.74775 0
-5.73574 0
-5.72372 0
-5.71171 0
-5.6997 0
-5.68769 0
-5.67568 0
-5.66366 0
-5.65165 0
-5.63964 0
-5.62763 0
-5.61562 0
-5.6036 0
-5.59159 0
-5.57958 0
-5.56757 0
-5.55556 0
-5.54354 0
-5.53153 0
-5.51952 0
-5.50751 0
-5.4955 0
-5.48348 0
-5.47147 0
-5.45946 0
-5.44745 0
-5.43544 0
-5.42342 0
-5.41141 0
-5.3994 0
-5.38739 0
-5.37538 0
-5.36336 0
-5.35135 0
-5.33934 0
-5.32733 0
-5.31532 0
-5.3033 0
-5.29129 0
-5.27928 0
-5.26727 0
-5.25526 0
-5.24324 0
-5.23123 0
-5.21922 0
-5.20721 0
-5.1952 0
-5.18318 0
-5.17117 0
-5.15916 0
-5.14715 0
-5.13514 0
-5.12312 0
-5.11111 0
-5.0991 0
-5.08709 0
-5.07508 0
-5.06306 0
-5.05105 0
-5.03904 0
-5.02703 0
-5.01502 0
-5.003 0
-4.99099 0
-4.97898 0
-4.96697 0
-4.95495 0
-4.94294 0
-4.93093 0
-4.91892 0
-4.90691 0
-4.89489 0
-4.88288 0
-4.87087 0
-4.85886 0
-4.84685 0
-4.83483 0
-4.82282 0
-4.81081 0
-4.7988 0
-4.78679 0
-4.77477 0
-4.76276 0
-4.75075 0
-4.73874 0
-4.72673 0
-4.71471 0
-4.7027 0
-4.69069 0
-4.67868 0
-4.66667 0
-4.65465 0
-4.64264 0
-4.63063 0
-4.61862 0
-4.60661 0
-4.59459 0
-4.58258 0
-4.57057 0
-4.55856 0
-4.54655 0
-4.53453 0
-4.52252 0
-4.51051 0
-4.4985 0
-4.48649 0
-4.47447 0
-4.46246 0
-4.45045 0
-4.43844 0
-4.42643 0
-4.41441 0
-4.4024 0
-4.39039 0
-4.37838 0
-4.36637 0
-4.35435 0
-4.34234 0
-4.33033 0
-4.31832 0
-4.30631 0
-4.29429 0
-4.28228 0
-4.27027 0
-4.25826 0
-4.24625 0
-4.23423 0
-4.22222 0
-4.21021 0
-4.1982 0
-4.18619 0
-4.17417 0
-4.16216 0
-4.15015 0
-4.13814 0
-4.12613 0
-4.11411 0
-4.1021 0
-4.09009 0
-4.07808 0
-4.06607 0
-4.05405 0
-4.04204 0
-4.03003 0
-4.01802 0
-4.00601 0
-3.99399 0
-3.98198 0
-3.96997 0
-3.95796 0
-3.94595 0
-3.93393 0
-3.92192 0
-3.90991 0
-3.8979 0
-3.88589 0
-3.87387 0
-3.86186 0
-3.84985 0
-3.83784 0
-3.82583 0
-3.81381 0
-3.8018 0
-3.78979 0
-3.77778 0
-3.76577 0
-3.75375 0
-3.74174 0
-3.72973 0
-3.71772 0
-3.70571 0
-3.69369 0
-3.68168 0
-3.66967 0
-3.65766 0
-3.64565 0
-3.63363 0
-3.62162 0
-3.60961 0
-3.5976 0
-3.58559 0
-3.57357 0
-3.56156 0
-3.54955 0
-3.53754 0
-3.52553 0
-3.51351 0
-3.5015 0
-3.48949 0
-3.47748 0
-3.46547 0
-3.45345 0
-3.44144 0
-3.42943 0
-3.41742 0
-3.40541 0
-3.39339 0
-3.38138 0
-3.36937 0
-3.35736 0
-3.34535 0
-3.33333 0
-3.32132 0
-3.30931 0
-3.2973 0
-3.28529 0
-3.27327 0
-3.26126 0
-3.24925 0
-3.23724 0
-3.22523 0
-3.21321 0
-3.2012 0
-3.18919 0
-3.17718 0
-3.16517 0
-3.15315 0
-3.14114 0
-3.12913 0
-3.11712 0
-3.10511 0
-3.09309 0
-3.08108 0
-3.06907 0
-3.05706 0
-3.04505 0
-3.03303 0
-3.02102 0
-3.00901 0
-2.997 0
-2.98498 0
-2.97297 0
-2.96096 0
-2.94895 0
-2.93694 0
-2.92492 0
-2.91291 0
-2.9009 0
-2.88889 0
-2.87688 0
-2.86486 0
-2.85285 0
-2.84084 0
-2.82883 0
-2.81682 0
-2.8048 0
-2.79279 0
-2.78078 0
-2.76877 0
-2.75676 0
-2.74474 0
-2.73273 0
-2.72072 0
-2.70871 0
-2.6967 0
-2.68468 0
-2.67267 0
-2.66066 0
-2.64865 0
-2.63664 0
-2.62462 0
-2.61261 0
-2.6006 0
-2.58859 0
-2.57658 0
-2.56456 0
-2.55255 0
-2.54054 0
-2.52853 0
-2.51652 0
-2.5045 0
-2.49249 0
-2.48048 0
-2.46847 0
-2.45646 0
-2.44444 0
-2.43243 0
-2.42042 0
-2.40841 0
-2.3964 0
-2.38438 0
-2.37237 0
-2.36036 0
-2.34835 0
-2.33634 0
-2.32432 0
-2.31231 0
-2.3003 0
-2.28829 0
-2.27628 0
-2.26426 0
-2.25225 0
-2.24024 0
-2.22823 0
-2.21622 0
-2.2042 0
-2.19219 0
-2.18018 0
-2.16817 0
-2.15616 0
-2.14414 0
-2.13213 0
-2.12012 0
-2.10811 0
-2.0961 0
-2.08408 0
-2.07207 0
-2.06006 0
-2.04805 0
-2.03604 0
-2.02402 0
-2.01201 0
-2 0
-1.98799 0
-1.97598 0
-1.96396 0
-1.95195 0
-1.93994 0
-1.92793 0
-1.91592 0
-1.9039 0
-1.89189 0
-1.87988 0
-1.86787 0
-1.85586 0
-1.84384 0
-1.83183 0
-1.81982 0
-1.80781 0
-1.7958 0
-1.78378 0
-1.77177 0
-1.75976 0
-1.74775 0
-1.73574 0
-1.72372 0
-1.71171 0
-1.6997 0
-1.68769 0
-1.67568 0
-1.66366 0
-1.65165 0
-1.63964 0
-1.62763 0
-1.61562 0
-1.6036 0
-1.59159 0
-1.57958 0
-1.56757 0
-1.55556 0
-1.54354 0
-1.53153 0
-1.51952 0
-1.50751 0
-1.4955 0
-1.48348 0
-1.47147 0
-1.45946 0
-1.44745 0
-1.43544 0
-1.42342 0
-1.41141 0
-1.3994 0
-1.38739 0
-1.37538 0
-1.36336 0
-1.35135 0
-1.33934 0
-1.32733 0
-1.31532 0
-1.3033 0
-1.29129 0
-1.27928 0
-1.26727 0
-1.25526 0
-1.24324 0
-1.23123 0
-1.21922 0
-1.20721 0
-1.1952 0
-1.18318 0
-1.17117 0
-1.15916 0
-1.14715 0
-1.13514 0
-1.12312 0
-1.11111 0
-1.0991 0
-1.08709 0
-1.07508 0
-1.06306 0
-1.05105 0
-1.03904 0
-1.02703 0
-1.01502 0
-1.003 0
-0.990991 0
-0.978979 0
-0.966967 0
-0.954955 0
-0.942943 0
-0.930931 0
-0.918919 0
-0.906907 0
-0.894895 0
-0.882883 0
-0.870871 0
-0.858859 0
-0.846847 0
-0.834835 0
-0.822823 0
-0.810811 0
-0.798799 0
-0.786787 0
-0.774775 0
-0.762763 0
-0.750751 0
-0.738739 0
-0.726727 0
-0.714715 0
-0.702703 0
-0.690691 0
-0.678679 0
-0.666667 0
-0.654655 0
-0.642643 0
-0.630631 6.54249e-305
-0.618619 1.68734e-293
-0.606607 2.62745e-282
-0.594595 2.47025e-271
-0.582583 1.40227e-260
-0.570571 4.80632e-250
-0.558559 9.947e-240
-0.546547 1.24302e-229
-0.534535 9.37945e-220
-0.522523 4.27368e-210
-0.510511 1.17587e-200
-0.498498 1.95373e-191
-0.486486 1.9603e-182
-0.474474 1.18782e-173
-0.462462 4.34672e-165
-0.45045 9.60653e-157
-0.438438 1.28228e-148
-0.426426 1.03378e-140
-0.414414 5.03403e-133
-0.402402 1.48071e-125
-0.39039 2.63094e-118
-0.378378 2.82398e-111
-0.366366 1.83125e-104
-0.354354 7.17454e-98
-0.342342 1.69838e-91
-0.33033 2.42943e-85
-0.318318 2.10008e-79
-0.306306 1.09718e-73
-0.294294 3.46473e-68
-0.282282 6.61404e-63
-0.27027 7.63359e-58
-0.258258 5.32747e-53
-0.246246 2.24864e-48
-0.234234 5.74131e-44
-0.222222 8.8694e-40
-0.21021 8.29248e-36
-0.198198 4.6937e-32
-0.186186 1.60896e-28
-0.174174 3.34166e-25
-0.162162 4.20716e-22
-0.15015 3.21289e-19
-0.138138 1.48942e-16
-0.126126 4.19531e-14
-0.114114 7.18882e-12
-0.102102 7.50524e-10
-0.0900901 4.78365e-08
-0.0780781 1.86643e-06
-0.0660661 4.47429e-05
-0.0540541 0.000662474
-0.042042 0.00610459
-0.03003 0.0354154
-0.018018 0.131705
-0.00600601 0.323178
0.00600601 0.548201
0.018018 0.6905
0.03003 0.710701
0.042042 0.65941
0.0540541 0.590089
0.0660661 0.523894
0.0780781 0.464638
0.0900901 0.412049
0.102102 0.365411
0.114114 0.324051
0.126126 0.287373
0.138138 0.254847
0.15015 0.226001
0.162162 0.200421
0.174174 0.177736
0.186186 0.157619
0.198198 0.139779
0.21021 0.123958
0.222222 0.109927
0.234234 0.0974852
0.246246 0.0864512
0.258258 0.0766662
0.27027 0.0679886
0.282282 0.0602933
0.294294 0.0534689
0.306306 0.047417
0.318318 0.04205
0.33033 0.0372905
0.342342 0.0330698
0.354354 0.0293267
0.366366 0.0260074
0.378378 0.0230637
0.39039 0.0204532
0.402402 0.0181382
0.414414 0.0160852
0.426426 0.0142646
0.438438 0.01265
0.45045 0.0112182
0.462462 0.00994847
0.474474 0.00882244
0.486486 0.00782386
0.498498 0.00693831
0.510511 0.00615299
0.522523 0.00545656
0.534535 0.00483895
0.546547 0.00429125
0.558559 0.00380554
0.570571 0.0033748
0.582583 0.00299282
0.594595 0.00265408
0.606607 0.00235367
0.618619 0.00208727
0.630631 0.00185102
0.642643 0.00164151
0.654655 0.00145571
0.666667 0.00129095
0.678679 0.00114483
0.690691 0.00101525
0.702703 0.000900339
0.714715 0.000798433
0.726727 0.000708062
0.738739 0.000627919
0.750751 0.000556847
0.762763 0.00049382
0.774775 0.000437926
0.786787 0.000388359
0.798799 0.000344402
0.810811 0.000305421
0.822823 0.000270851
0.834835 0.000240195
0.846847 0.000213008
0.858859 0.000188898
0.870871 0.000167518
0.882883 0.000148557
0.894895 0.000131743
0.906907 0.000116831
0.918919 0.000103607
0.930931 9.18805e-05
0.942943 8.14809e-05
0.954955 7.22584e-05
0.966967 6.40798e-05
0.978979 5.68268e-05
0.990991 5.03948e-05
1.003 4.46908e-05
1.01502 3.96324e-05
1.02703 3.51466e-05
1.03904 3.11685e-05
1.05105 2.76407e-05
1.06306 2.45121e-05
1.07508 2.17377e-05
1.08709 1.92773e-05
1.0991 1.70954e-05
1.11111 1.51604e-05
1.12312 1.34445e-05
1.13514 1.19227e-05
1.14715 1.05732e-05
1.15916 9.3765e-06
1.17117 8.31521e-06
1.18318 7.37405e-06
1.1952 6.53941e-06
1.20721 5.79924e-06
1.21922 5.14284e-06
1.23123 4.56075e-06
1.24324 4.04453e-06
1.25526 3.58675e-06
1.26727 3.18078e-06
1.27928 2.82076e-06
1.29129 2.50149e-06
1.3033 2.21835e-06
1.31532 1.96727e-06
1.32733 1.7446e-06
1.33934 1.54714e-06
1.35135 1.37202e-06
1.36336 1.21673e-06
1.37538 1.07901e-06
1.38739 9.56882e-07
1.3994 8.48576e-07
1.41141 7.52529e-07
1.42342 6.67353e-07
1.43544 5.91818e-07
1.44745 5.24832e-07
1.45946 4.65429e-07
1.47147 4.12749e-07
1.48348 3.66031e-07
1.4955 3.24602e-07
1.50751 2.87861e-07
1.51952 2.55279e-07
1.53153 2.26385e-07
1.54354 2.00762e-07
1.55556 1.78038e-07
1.56757 1.57887e-07
1.57958 1.40016e-07
1.59159 1.24168e-07
1.6036 1.10114e-07
1.61562 9.76508e-08
1.62763 8.65981e-08
1.63964 7.67964e-08
1.65165 6.81041e-08
1.66366 6.03956e-08
1.67568 5.35597e-08
1.68769 4.74975e-08
1.6997 4.21214e-08
1.71171 3.73539e-08
1.72372 3.31259e-08
1.73574 2.93765e-08
1.74775 2.60515e-08
1.75976 2.31029e-08
1.77177 2.04879e-08
1.78378 1.8169e-08
1.7958 1.61125e-08
1.80781 1.42888e-08
1.81982 1.26715e-08
1.83183 1.12373e-08
1.84384 9.96536e-09
1.85586 8.83742e-09
1.86787 7.83715e-09
1.87988 6.95009e-09
1.89189 6.16344e-09
1.9039 5.46582e-09
1.91592 4.84717e-09
1.92793 4.29854e-09
1.93994 3.812e-09
1.95195 3.38054e-09
1.96396 2.99791e-09
1.97598 2.65858e-09
1.98799 2.35767e-09
2 2.09081e-09
2.01201 1.85416e-09
2.02402 1.6443e-09
2.03604 1.45819e-09
2.04805 1.29314e-09
2.06006 1.14677e-09
2.07207 1.01698e-09
2.08408 9.01868e-10
2.0961 7.99789e-10
2.10811 7.09264e-10
2.12012 6.28985e-10
2.13213 5.57793e-10
2.14414 4.94658e-10
2.15616 4.3867e-10
2.16817 3.89019e-10
2.18018 3.44987e-10
2.19219 3.05939e-10
2.2042 2.71311e-10
2.21622 2.40603e-10
2.22823 2.1337e-10
2.24024 1.89219e-10
2.25225 1.67802e-10
2.26426 1.48809e-10
2.27628 1.31966e-10
2.28829 1.17029e-10
2.3003 1.03783e-10
2.31231 9.20365e-11
2.32432 8.16193e-11
2.33634 7.23811e-11
2.34835 6.41886e-11
2.36036 5.69233e-11
2.37237 5.04804e-11
2.38438 4.47667e-11
2.3964 3.96998e-11
2.40841 3.52063e-11
2.42042 3.12214e-11
2.43243 2.76876e-11
2.44444 2.45537e-11
2.45646 2.17746e-11
2.46847 1.931e-11
2.48048 1.71244e-11
2.49249 1.51862e-11
2.5045 1.34673e-11
2.51652 1.1943e-11
2.52853 1.05912e-11
2.54054 9.39242e-12
2.55255 8.32933e-12
2.56456 7.38657e-12
2.57658 6.55051e-12
2.58859 5.80908e-12
2.6006 5.15158e-12
2.61261 4.56849e-12
2.62462 4.0514e-12
2.63664 3.59284e-12
2.64865 3.18618e-12
2.66066 2.82555e-12
2.67267 2.50574e-12
2.68468 2.22212e-12
2.6967 1.97061e-12
2.70871 1.74756e-12
2.72072 1.54976e-12
2.73273 1.37435e-12
2.74474 1.21879e-12
2.75676 1.08084e-12
2.76877 9.58507e-13
2.78078 8.50017e-13
2.79279 7.53807e-13
2.8048 6.68486e-13
2.81682 5.92823e-13
2.82883 5.25724e-13
2.84084 4.66219e-13
2.85285 4.1345e-13
2.86486 3.66653e-13
2.87688 3.25153e-13
2.88889 2.8835e-13
2.9009 2.55713e-13
2.91291 2.2677e-13
2.92492 2.01103e-13
2.93694 1.78341e-13
2.94895 1.58155e-13
2.96096 1.40254e-13
2.97297 1.24379e-13
2.98498 1.10301e-13
2.997 9.78166e-14
3.00901 8.67451e-14
3.02102 7.69268e-14
3.03303 6.82197e-14
3.04505 6.04982e-14
3.05706 5.36506e-14
3.06907 4.75781e-14
3.08108 4.2193e-14
3.09309 3.74173e-14
3.10511 3.31822e-14
3.11712 2.94264e-14
3.12913 2.60958e-14
3.14114 2.31421e-14
3.15315 2.05227e-14
3.16517 1.81998e-14
3.17718 1.61399e-14
3.18919 1.43131e-14
3.2012 1.2693e-14
3.21321 1.12563e-14
3.22523 9.98228e-15
3.23724 8.85243e-15
3.24925 7.85046e-15
3.26126 6.96189e-15
3.27327 6.1739e-15
3.28529 5.4751e-15
3.2973 4.8554e-15
3.30931 4.30583e-15
3.32132 3.81847e-15
3.33333 3.38628e-15
3.34535 3.003e-15
3.35736 2.6631e-15
3.36937 2.36167e-15
3.38138 2.09436e-15
3.39339 1.85731e-15
3.40541 1.64709e-15
3.41742 1.46066e-15
3.42943 1.29534e-15
3.44144 1.14872e-15
3.45345 1.0187e-15
3.46547 9.03399e-16
3.47748 8.01147e-16
3.48949 7.10468e-16
3.5015 6.30053e-16
3.51351 5.5874e-16
3.52553 4.95498e-16
3.53754 4.39415e-16
3.54955 3.89679e-16
3.56156 3.45573e-16
3.57357 3.06459e-16
3.58559 2.71772e-16
3.5976 2.41011e-16
3.60961 2.13732e-16
3.62162 1.89541e-16
3.63363 1.68087e-16
3.64565 1.49062e-16
3.65766 1.3219e-16
3.66967 1.17228e-16
3.68168 1.0396e-16
3.69369 9.21928e-17
3.70571 8.17579e-17
3.71772 7.2504e-17
3.72973 6.42976e-17
3.74174 5.702e-17
3.75375 5.05661e-17
3.76577 4.48427e-17
3.77778 3.97672e-17
3.78979 3.52661e-17
3.8018 3.12744e-17
3.81381 2.77346e-17
3.82583 2.45954e-17
3.83784 2.18116e-17
3.84985 1.93428e-17
3.86186 1.71535e-17
3.87387 1.52119e-17
3.88589 1.34902e-17
3.8979 1.19633e-17
3.90991 1.06092e-17
3.92192 9.40837e-18
3.93393 8.34348e-18
3.94595 7.39911e-18
3.95796 6.56164e-18
3.96997 5.81895e-18
3.98198 5.16033e-18
3.99399 4.57625e-18
4.00601 4.05828e-18
4.01802 3.59894e-18
4.03003 3.19159e-18
4.04204 2.83035e-18
4.05405 2.50999e-18
4.06607 2.22589e-18
4.07808 1.97395e-18
4.09009 1.75053e-18
4.1021 1.55239e-18
4.11411 1.37668e-18
4.12613 1.22086e-18
4.13814 1.08268e-18
4.15015 9.60134e-19
4.16216 8.5146e-19
4.17417 7.55087e-19
4.18619 6.69622e-19
4.1982 5.9383e-19
4.21021 5.26617e-19
4.22222 4.67011e-19
4.23423 4.14152e-19
4.24625 3.67275e-19
4.25826 3.25705e-19
4.27027 2.8884e-19
4.28228 2.56147e-19
4.29429 2.27155e-19
4.30631 2.01444e-19
4.31832 1.78643e-19
4.33033 1.58423e-19
4.34234 1.40492e-19
4.35435 1.2459e-19
4.36637 1.10488e-19
4.37838 9.79827e-20
4.39039 8.68924e-20
4.4024 7.70574e-20
4.41441 6.83356e-20
4.42643 6.06009e-20
4.43844 5.37418e-20
4.45045 4.76589e-20
4.46246 4.22646e-20
4.47447 3.74808e-20
4.48649 3.32385e-20
4.4985 2.94764e-20
4.51051 2.61401e-20
4.52252 2.31814e-20
4.53453 2.05576e-20
4.54655 1.82307e-20
4.55856 1.61673e-20
4.57057 1.43374e-20
4.58258 1.27146e-20
4.59459 1.12755e-20
4.60661 9.99924e-21
4.61862 8.86746e-21
4.63063 7.86379e-21
4.64264 6.97372e-21
4.65465 6.18439e-21
4.66667 5.4844e-21
4.67868 4.86364e-21
4.69069 4.31315e-21
4.7027 3.82496e-21
4.71471 3.39203e-21
4.72673 3.0081e-21
4.73874 2.66762e-21
4.75075 2.36568e-21
4.76276 2.09792e-21
4.77477 1.86047e-21
4.78679 1.64989e-21
4.7988 1.46314e-21
4.81081 1.29754e-21
4.82282 1.15067e-21
4.83483 1.02043e-21
4.84685 9.04934e-22
4.85886 8.02508e-22
4.87087 7.11675e-22
4.88288 6.31123e-22
4.89489 5.59689e-22
4.90691 4.9634e-22
4.91892 4.40161e-22
4.93093 3.90341e-22
4.94294 3.4616e-22
4.95495 3.06979e-22
4.96697 2.72234e-22
4.97898 2.4142e-22
4.99099 2.14095e-22
5.003 1.89862e-22
5.01502 1.68373e-22
5.02703 1.49315e-22
5.03904 1.32415e-22
5.05105 1.17427e-22
5.06306 1.04136e-22
5.07508 9.23494e-23
5.08709 8.18967e-23
5.0991 7.26272e-23
5.11111 6.44068e-23
5.12312 5.71168e-23
5.13514 5.0652e-23
5.14715 4.49189e-23
5.15916 3.98347e-23
5.17117 3.5326e-23
5.18318 3.13276e-23
5.1952 2.77817e-23
5.20721 2.46372e-23
5.21922 2.18486e-23
5.23123 1.93757e-23
5.24324 1.71826e-23
5.25526 1.52378e-23
5.26727 1.35131e-23
5.27928 1.19836e-23
5.29129 1.06272e-23
5.3033 9.42435e-24
5.31532 8.35765e-24
5.32733 7.41168e-24
5.33934 6.57278e-24
5.35135 5.82883e-24
5.36336 5.16909e-24
5.37538 4.58402e-24
5.38739 4.06517e-24
5.3994 3.60505e-24
5.41141 3.19701e-24
5.42342 2.83515e-24
5.43544 2.51425e-24
5.44745 2.22967e-24
5.45946 1.97731e-24
5.47147 1.7535e-24
5.48348 1.55503e-24
5.4955 1.37902e-24
5.50751 1.22294e-24
5.51952 1.08452e-24
5.53153 9.61765e-25
5.54354 8.52906e-25
5.55556 7.56369e-25
5.56757 6.70759e-25
5.57958 5.94838e-25
5.59159 5.27511e-25
5.6036 4.67804e-25
5.61562 4.14855e-25
5.62763 3.67899e-25
5.63964 3.26258e-25
5.65165 2.8933e-25
5.66366 2.56582e-25
5.67568 2.27541e-25
5.68769 2.01786e-25
5.6997 1.78947e-25
5.71171 1.58692e-25
5.72372 1.40731e-25
5.73574 1.24802e-25
5.74775 1.10676e-25
5.75976 9.81491e-26
5.77177 8.704e-26
5.78378 7.71883e-26
5.7958 6.84516e-26
5.80781 6.07039e-26
5.81982 5.3833e-26
5.83183 4.77399e-26
5.84384 4.23364e-26
5.85586 3.75445e-26
5.86787 3.3295e-26
5.87988 2.95264e-26
5.89189 2.61845e-26
5.9039 2.32207e-26
5.91592 2.05925e-26
5.92793 1.82617e-26
5.93994 1.61947e-26
5.95195 1.43617e-26
5.96396 1.27362e-26
5.97598 1.12946e-26
5.98799 1.00162e-26
6 8.88252e-27
