-6 2.90937e-276
-5.98799 3.62154e-275
-5.97598 4.48535e-274
-5.96396 5.52723e-273
-5.95195 6.77685e-272
-5.93994 8.26717e-271
-5.92793 1.00345e-269
-5.91592 1.21183e-268
-5.9039 1.45611e-267
-5.89189 1.74084e-266
-5.87988 2.07077e-265
-5.86787 2.45083e-264
-5.85586 2.88604e-263
-5.84384 3.38144e-262
-5.83183 3.94193e-261
-5.81982 4.5722e-260
-5.80781 5.27655e-259
-5.7958 6.05875e-258
-5.78378 6.92191e-257
-5.77177 7.86823e-256
-5.75976 8.89891e-255
-5.74775 1.0014e-253
-5.73574 1.1212e-252
-5.72372 1.24902e-251
-5.71171 1.38441e-250
-5.6997 1.52675e-249
-5.68769 1.67526e-248
-5.67568 1.82896e-247
-5.66366 1.98671e-246
-5.65165 2.1472e-245
-5.63964 2.30899e-244
-5.62763 2.47046e-243
-5.61562 2.62993e-242
-5.6036 2.7856e-241
-5.59159 2.93564e-240
-5.57958 3.07819e-239
-5.56757 3.21142e-238
-5.55556 3.33355e-237
-5.54354 3.44292e-236
-5.53153 3.53798e-235
-5.51952 3.61736e-234
-5.50751 3.67992e-233
-5.4955 3.72472e-232
-5.48348 3.75109e-231
-5.47147 3.75863e-230
-5.45946 3.74724e-229
-5.44745 3.71709e-228
-5.43544 3.66862e-227
-5.42342 3.60256e-226
-5.41141 3.51989e-225
-5.3994 3.42181e-224
-5.38739 3.30973e-223
-5.37538 3.1852e-222
-5.36336 3.04994e-221
-5.35135 2.90572e-220
-5.33934 2.75439e-219
-5.32733 2.59781e-218
-5.31532 2.43779e-217
-5.3033 2.27612e-216
-5.29129 2.11448e-215
-5.27928 1.95444e-214
-5.26727 1.79741e-213
-5.25526 1.64469e-212
-5.24324 1.49737e-211
-5.23123 1.35638e-210
-5.21922 1.22249e-209
-5.20721 1.09627e-208
-5.1952 9.78134e-208
-5.18318 8.68338e-207
-5.17117 7.66987e-206
-5.15916 6.74057e-205
-5.14715 5.89406e-204
-5.13514 5.12793e-203
-5.12312 4.43893e-202
-5.11111 3.82317e-201
-5.0991 3.27626e-200
-5.08709 2.79346e-199
-5.07508 2.36982e-198
-5.06306 2.00031e-197
-5.05105 1.67992e-196
-5.03904 1.40375e-195
-5.02703 1.16708e-194
-5.01502 9.6543e-194
-5.003 7.94602e-193
-4.99099 6.5071e-192
-4.97898 5.30195e-191
-4.96697 4.29825e-190
-4.95495 3.46704e-189
-4.94294 2.78249e-188
-4.93093 2.22187e-187
-4.91892 1.76528e-186
-4.90691 1.39546e-185
-4.89489 1.09756e-184
-4.88288 8.58919e-184
-4.87087 6.68781e-183
-4.85886 5.18114e-182
-4.84685 3.99371e-181
-4.83483 3.06292e-180
-4.82282 2.33725e-179
-4.81081 1.77454e-178
-4.7988 1.34052e-177
-4.78679 1.00756e-176
-4.77477 7.53493e-176
-4.76276 5.60656e-175
-4.75075 4.15072e-174
-4.73874 3.05745e-173
-4.72673 2.24081e-172
-4.71471 1.63403e-171
-4.7027 1.18556e-170
-4.69069 8.55854e-170
-4.67868 6.14729e-169
-4.66667 4.39316e-168
-4.65465 3.12378e-167
-4.64264 2.21001e-166
-4.63063 1.55566e-165
-4.61862 1.08955e-164
-4.60661 7.59259e-164
-4.59459 5.26431e-163
-4.58258 3.63164e-162
-4.57057 2.49272e-161
-4.55856 1.70237e-160
-4.54655 1.15676e-159
-4.53453 7.82069e-159
-4.52252 5.26084e-158
-4.51051 3.52107e-157
-4.4985 2.34479e-156
-4.48649 1.55362e-155
-4.47447 1.02422e-154
-4.46246 6.71818e-154
-4.45045 4.38451e-153
-4.43844 2.84708e-152
-4.42643 1.83945e-151
-4.41441 1.18246e-150
-4.4024 7.56301e-150
-4.39039 4.81297e-149
-4.37838 3.04748e-148
-4.36637 1.9199e-147
-4.35435 1.20345e-146
-4.34234 7.5056e-146
-4.33033 4.6575e-145
-4.31832 2.87562e-144
-4.30631 1.76652e-143
-4.29429 1.07974e-142
-4.28228 6.56637e-142
-4.27027 3.97323e-141
-4.25826 2.39206e-140
-4.24625 1.43288e-139
-4.23423 8.54002e-139
-4.22222 5.06428e-138
-4.21021 2.98804e-137
-4.1982 1.75414e-136
-4.18619 1.0246e-135
-4.17417 5.95461e-135
-4.16216 3.4432e-134
-4.15015 1.98099e-133
-4.13814 1.134e-132
-4.12613 6.45881e-132
-4.11411 3.66019e-131
-4.1021 2.06378e-130
-4.09009 1.1578e-129
-4.07808 6.46274e-129
-4.06607 3.58929e-128
-4.05405 1.9834e-127
-4.04204 1.09049e-126
-4.03003 5.96548e-126
-4.01802 3.24698e-125
-4.00601 1.75842e-124
-3.99399 9.47495e-124
-3.98198 5.07974e-123
-3.96997 2.70967e-122
-3.95796 1.43814e-121
-3.94595 7.59449e-121
-3.93393 3.9903e-120
-3.92192 2.08604e-119
-3.90991 1.08505e-118
-3.8979 5.61551e-118
-3.88589 2.8916e-117
-3.87387 1.48149e-116
-3.86186 7.55212e-116
-3.84985 3.83045e-115
-3.83784 1.93304e-114
-3.82583 9.7061e-114
-3.81381 4.84906e-113
-3.8018 2.41036e-112
-3.78979 1.19211e-111
-3.77778 5.86628e-111
-3.76577 2.87223e-110
-3.75375 1.39922e-109
-3.74174 6.78212e-109
-3.72973 3.2708e-108
-3.71772 1.56948e-107
-3.70571 7.49318e-107
-3.69369 3.55949e-106
-3.68168 1.68237e-105
-3.66967 7.91162e-105
-3.65766 3.70187e-104
-3.64565 1.7234e-103
-3.63363 7.98297e-103
-3.62162 3.6792e-102
-3.60961 1.68715e-101
-3.5976 7.69774e-101
-3.58559 3.4945e-100
-3.57357 1.57841e-99
-3.56156 7.09354e-99
-3.54955 3.17189e-98
-3.53754 1.41119e-97
-3.52553 6.24689e-97
-3.51351 2.7514e-96
-3.5015 1.20574e-95
-3.48949 5.25736e-95
-3.47748 2.28082e-94
-3.46547 9.84525e-94
-3.45345 4.22837e-93
-3.44144 1.80689e-92
-3.42943 7.68249e-92
-3.41742 3.25e-91
-3.40541 1.36797e-90
-3.39339 5.72903e-90
-3.38138 2.38725e-89
-3.36937 9.8975e-89
-3.35736 4.08287e-88
-3.34535 1.67578e-87
-3.33333 6.84353e-87
-3.32132 2.78071e-86
-3.30931 1.1242e-85
-3.2973 4.52211e-85
-3.28529 1.80989e-84
-3.27327 7.20733e-84
-3.26126 2.85567e-83
-3.24925 1.12578e-82
-3.23724 4.41585e-82
-3.22523 1.72339e-81
-3.21321 6.69218e-81
-3.2012 2.58561e-80
-3.18919 9.93961e-80
-3.17718 3.8018e-79
-3.16517 1.44684e-78
-3.15315 5.47853e-78
-3.14114 2.06405e-77
-3.12913 7.73729e-77
-3.11712 2.88582e-76
-3.10511 1.07093e-75
-3.09309 3.95429e-75
-3.08108 1.45274e-74
-3.06907 5.31028e-74
-3.05706 1.93135e-73
-3.04505 6.98903e-73
-3.03303 2.51643e-72
-3.02102 9.01502e-72
-3.00901 3.21337e-71
-2.997 1.13964e-70
-2.98498 4.02149e-70
-2.97297 1.41195e-69
-2.96096 4.93247e-69
-2.94895 1.71444e-68
-2.93694 5.92917e-68
-2.92492 2.04023e-67
-2.91291 6.98515e-67
-2.9009 2.3795e-66
-2.88889 8.06509e-66
-2.87688 2.71986e-65
-2.86486 9.12633e-65
-2.85285 3.04691e-64
-2.84084 1.01213e-63
-2.82883 3.34523e-63
-2.81682 1.10009e-62
-2.8048 3.59954e-62
-2.79279 1.17186e-61
-2.78078 3.79596e-61
-2.76877 1.22343e-60
-2.75676 3.92329e-60
-2.74474 1.2518e-59
-2.73273 3.97406e-59
-2.72072 1.2553e-58
-2.70871 3.94524e-58
-2.6967 1.23371e-57
-2.68468 3.83856e-57
-2.67267 1.18833e-56
-2.66066 3.66033e-56
-2.64865 1.1218e-55
-2.63664 3.4208e-55
-2.62462 1.03789e-54
-2.61261 3.13323e-54
-2.6006 9.41124e-54
-2.58859 2.81265e-53
-2.57658 8.3637e-53
-2.56456 2.47455e-52
-2.55255 7.28465e-52
-2.54054 2.13371e-51
-2.52853 6.21838e-51
-2.51652 1.80316e-50
-2.5045 5.20242e-50
-2.49249 1.49345e-49
-2.48048 4.26573e-49
-2.46847 1.2123e-48
-2.45646 3.42801e-48
-2.44444 9.6447e-48
-2.43243 2.69992e-47
-2.42042 7.52018e-47
-2.40841 2.08411e-46
-2.3964 5.74685e-46
-2.38438 1.57672e-45
-2.37237 4.30422e-45
-2.36036 1.1691e-44
-2.34835 3.15952e-44
-2.33634 8.49589e-44
-2.32432 2.27307e-43
-2.31231 6.05106e-43
-2.3003 1.60275e-42
-2.28829 4.22395e-42
-2.27628 1.10761e-41
-2.26426 2.88982e-41
-2.25225 7.50192e-41
-2.24024 1.93771e-40
-2.22823 4.97994e-40
-2.21622 1.27343e-39
-2.2042 3.23998e-39
-2.19219 8.20214e-39
-2.18018 2.06599e-38
-2.16817 5.17783e-38
-2.15616 1.29117e-37
-2.14414 3.20359e-37
-2.13213 7.90874e-37
-2.12012 1.94265e-36
-2.10811 4.7479e-36
-2.0961 1.15458e-35
-2.08408 2.79361e-35
-2.07207 6.72551e-35
-2.06006 1.61103e-34
-2.04805 3.83971e-34
-2.03604 9.10566e-34
-2.02402 2.14854e-33
-2.01201 5.04422e-33
-2 1.17832e-32
-1.98799 2.73874e-32
-1.97598 6.3337e-32
-1.96396 1.45741e-31
-1.95195 3.33678e-31
-1.93994 7.60135e-31
-1.92793 1.72296e-30
-1.91592 3.88576e-30
-1.9039 8.71964e-30
-1.89189 1.94689e-29
-1.87988 4.32516e-29
-1.86787 9.56057e-29
-1.85586 2.10274e-28
-1.84384 4.60158e-28
-1.83183 1.00196e-27
-1.81982 2.17076e-27
-1.80781 4.67947e-27
-1.7958 1.00369e-26
-1.78378 2.14203e-26
-1.77177 4.54855e-26
-1.75976 9.61039e-26
-1.74775 2.02037e-25
-1.73574 4.22612e-25
-1.72372 8.79578e-25
-1.71171 1.8215e-24
-1.6997 3.75324e-24
-1.68769 7.69495e-24
-1.67568 1.56974e-23
-1.66366 3.18619e-23
-1.65165 6.43487e-23
-1.63964 1.29309e-22
-1.62763 2.5855e-22
-1.61562 5.14377e-22
-1.6036 1.01822e-21
-1.59159 2.00552e-21
-1.57958 3.93039e-21
-1.56757 7.66423e-21
-1.55556 1.48705e-20
-1.54354 2.87084e-20
-1.53153 5.51462e-20
-1.51952 1.05402e-19
-1.50751 2.0045e-19
-1.4955 3.79305e-19
-1.48348 7.14164e-19
-1.47147 1.33793e-18
-1.45946 2.49399e-18
-1.44745 4.62575e-18
-1.43544 8.53684e-18
-1.42342 1.56761e-17
-1.41141 2.86424e-17
-1.3994 5.20722e-17
-1.38739 9.41956e-17
-1.37538 1.69545e-16
-1.36336 3.03645e-16
-1.35135 5.41098e-16
-1.33934 9.59435e-16
-1.32733 1.69272e-15
-1.31532 2.97155e-15
-1.3033 5.19053e-15
-1.29129 9.02133e-15
-1.27928 1.56013e-14
-1.26727 2.68461e-14
-1.25526 4.59656e-14
-1.24324 7.831e-14
-1.23123 1.3275e-13
-1.21922 2.23914e-13
-1.20721 3.75805e-13
-1.1952 6.27592e-13
-1.18318 1.04286e-12
-1.17117 1.72428e-12
-1.15916 2.83677e-12
-1.14715 4.64383e-12
-1.13514 7.5642e-12
-1.12312 1.22599e-11
-1.11111 1.97717e-11
-1.0991 3.17278e-11
-1.08709 5.06609e-11
-1.07508 8.04902e-11
-1.06306 1.27248e-10
-1.05105 2.0017e-10
-1.03904 3.13318e-10
-1.02703 4.8799e-10
-1.01502 7.56271e-10
-1.003 1.16623e-09
-0.990991 1.7895e-09
-0.978979 2.73227e-09
-0.966967 4.15104e-09
-0.954955 6.27527e-09
-0.942943 9.43958e-09
-0.930931 1.41292e-08
-0.918919 2.10439e-08
-0.906907 3.11877e-08
-0.894895 4.59923e-08
-0.882883 6.74893e-08
-0.870871 9.85445e-08
-0.858859 1.43179e-07
-0.846847 2.07002e-07
-0.834835 2.97797e-07
-0.822823 4.26303e-07
-0.810811 6.07251e-07
-0.798799 8.60738e-07
-0.786787 1.21402e-06
-0.774775 1.70388e-06
-0.762763 2.37961e-06
-0.750751 3.30696e-06
-0.738739 4.5731e-06
-0.726727 6.2929e-06
-0.714715 8.6169e-06
-0.702703 1.17412e-05
-0.690691 1.59197e-05
-0.678679 2.14794e-05
-0.666667 2.88385e-05
-0.654655 3.85292e-05
-0.642643 5.1224e-05
-0.630631 6.77681e-05
-0.618619 8.92168e-05
-0.606607 0.00011688
-0.594595 0.000152372
-0.582583 0.000197672
-0.570571 0.000255188
-0.558559 0.000327832
-0.546547 0.000419105
-0.534535 0.000533182
-0.522523 0.000675009
-0.510511 0.000850409
-0.498498 0.00106619
-0.486486 0.00133023
-0.474474 0.00165161
-0.462462 0.00204072
-0.45045 0.00250931
-0.438438 0.00307058
-0.426426 0.00373926
-0.414414 0.00453162
-0.402402 0.00546544
-0.39039 0.00655998
-0.378378 0.00783593
-0.366366 0.00931516
-0.354354 0.0110206
-0.342342 0.0129759
-0.33033 0.0152052
-0.318318 0.0177326
-0.306306 0.0205817
-0.294294 0.023775
-0.282282 0.0273335
-0.27027 0.0312759
-0.258258 0.0356179
-0.246246 0.0403714
-0.234234 0.0455441
-0.222222 0.0511384
-0.21021 0.0571509
-0.198198 0.0635719
-0.186186 0.070385
-0.174174 0.077566
-0.162162 0.0850835
-0.15015 0.0928985
-0.138138 0.100964
-0.126126 0.109226
-0.114114 0.117624
-0.102102 0.126089
-0.0900901 0.13455
-0.0780781 0.142929
-0.0660661 0.151146
-0.0540541 0.159118
-0.042042 0.166763
-0.03003 0.173998
-0.018018 0.180745
-0.00600601 0.186927
0.00600601 0.192476
0.018018 0.197328
0.03003 0.201429
0.042042 0.204733
0.0540541 0.207204
0.0660661 0.208819
0.0780781 0.209563
0.0900901 0.209435
0.102102 0.208444
0.114114 0.20661
0.126126 0.203964
0.138138 0.200546
0.15015 0.196405
0.162162 0.191597
0.174174 0.186185
0.186186 0.180236
0.198198 0.173822
0.21021 0.167015
0.222222 0.15989
0.234234 0.152522
0.246246 0.144981
0.258258 0.137337
0.27027 0.129657
0.282282 0.122002
0.294294 0.114427
0.306306 0.106985
0.318318 0.0997188
0.33033 0.0926688
0.342342 0.0858676
0.354354 0.0793419
0.366366 0.0731129
0.378378 0.0671963
0.39039 0.0616025
0.402402 0.0563375
0.414414 0.0514026
0.426426 0.0467958
0.438438 0.0425118
0.45045 0.0385422
0.462462 0.0348766
0.474474 0.0315028
0.486486 0.0284072
0.498498 0.025575
0.510511 0.022991
0.522523 0.0206395
0.534535 0.0185046
0.546547 0.0165709
0.558559 0.0148231
0.570571 0.0132464
0.582583 0.0118266
0.594595 0.0105502
0.606607 0.00940457
0.618619 0.00837767
0.630631 0.0074584
0.642643 0.00663644
0.654655 0.00590225
0.666667 0.00524708
0.678679 0.00466292
0.690691 0.00414246
0.702703 0.00367907
0.714715 0.00326672
0.726727 0.00289999
0.738739 0.00257398
0.750751 0.00228427
0.762763 0.00202691
0.774775 0.00179836
0.786787 0.00159543
0.798799 0.0014153
0.810811 0.00125543
0.822823 0.00111356
0.834835 0.000987678
0.846847 0.000876
0.858859 0.000776929
0.870871 0.000689046
0.882883 0.000611094
0.894895 0.000541953
0.906907 0.00048063
0.918919 0.000426242
0.930931 0.000378006
0.942943 0.000335226
0.954955 0.000297287
0.966967 0.000263641
0.978979 0.000233802
0.990991 0.00020734
1.003 0.000183873
1.01502 0.000163062
1.02703 0.000144606
1.03904 0.000128238
1.05105 0.000113724
1.06306 0.000100852
1.07508 8.94369e-05
1.08709 7.9314e-05
1.0991 7.03367e-05
1.11111 6.23756e-05
1.12312 5.53156e-05
1.13514 4.90546e-05
1.14715 4.35023e-05
1.15916 3.85785e-05
1.17117 3.42119e-05
1.18318 3.03396e-05
1.1952 2.69056e-05
1.20721 2.38603e-05
1.21922 2.11596e-05
1.23123 1.87646e-05
1.24324 1.66407e-05
1.25526 1.47572e-05
1.26727 1.30869e-05
1.27928 1.16057e-05
1.29129 1.02921e-05
1.3033 9.12715e-06
1.31532 8.09408e-06
1.32733 7.17794e-06
1.33934 6.3655e-06
1.35135 5.64501e-06
1.36336 5.00608e-06
1.37538 4.43946e-06
1.38739 3.93697e-06
1.3994 3.49136e-06
1.41141 3.09619e-06
1.42342 2.74574e-06
1.43544 2.43496e-06
1.44745 2.15936e-06
1.45946 1.91495e-06
1.47147 1.6982e-06
1.48348 1.50599e-06
1.4955 1.33553e-06
1.50751 1.18437e-06
1.51952 1.05032e-06
1.53153 9.31435e-07
1.54354 8.26009e-07
1.55556 7.32516e-07
1.56757 6.49606e-07
1.57958 5.76079e-07
1.59159 5.10875e-07
1.6036 4.53051e-07
1.61562 4.01772e-07
1.62763 3.56297e-07
1.63964 3.15969e-07
1.65165 2.80206e-07
1.66366 2.48491e-07
1.67568 2.20365e-07
1.68769 1.95423e-07
1.6997 1.73303e-07
1.71171 1.53688e-07
1.72372 1.36293e-07
1.73574 1.20866e-07
1.74775 1.07186e-07
1.75976 9.50539e-08
1.77177 8.42951e-08
1.78378 7.47541e-08
1.7958 6.62929e-08
1.80781 5.87895e-08
1.81982 5.21353e-08
1.83183 4.62344e-08
1.84384 4.10013e-08
1.85586 3.63605e-08
1.86787 3.2245e-08
1.87988 2.85953e-08
1.89189 2.53587e-08
1.9039 2.24885e-08
1.91592 1.99431e-08
1.92793 1.76858e-08
1.93994 1.5684e-08
1.95195 1.39088e-08
1.96396 1.23345e-08
1.97598 1.09384e-08
1.98799 9.70035e-09
2 8.6024e-09
2.01201 7.62873e-09
2.02402 6.76526e-09
2.03604 5.99953e-09
2.04805 5.32047e-09
2.06006 4.71826e-09
2.07207 4.18422e-09
2.08408 3.71063e-09
2.0961 3.29063e-09
2.10811 2.91818e-09
2.12012 2.58788e-09
2.13213 2.29497e-09
2.14414 2.03521e-09
2.15616 1.80485e-09
2.16817 1.60057e-09
2.18018 1.41941e-09
2.19219 1.25875e-09
2.2042 1.11628e-09
2.21622 9.8993e-10
2.22823 8.77884e-10
2.24024 7.7852e-10
2.25225 6.90402e-10
2.26426 6.12258e-10
2.27628 5.42959e-10
2.28829 4.81504e-10
2.3003 4.27004e-10
2.31231 3.78673e-10
2.32432 3.35813e-10
2.33634 2.97803e-10
2.34835 2.64096e-10
2.36036 2.34204e-10
2.37237 2.07695e-10
2.38438 1.84187e-10
2.3964 1.6334e-10
2.40841 1.44852e-10
2.42042 1.28457e-10
2.43243 1.13917e-10
2.44444 1.01023e-10
2.45646 8.9589e-11
2.46847 7.94487e-11
2.48048 7.04562e-11
2.49249 6.24816e-11
2.5045 5.54095e-11
2.51652 4.91379e-11
2.52853 4.35762e-11
2.54054 3.8644e-11
2.55255 3.427e-11
2.56456 3.03911e-11
2.57658 2.69513e-11
2.58859 2.39008e-11
2.6006 2.11955e-11
2.61261 1.87965e-11
2.62462 1.6669e-11
2.63664 1.47823e-11
2.64865 1.31091e-11
2.66066 1.16254e-11
2.67267 1.03095e-11
2.68468 9.14265e-12
2.6967 8.10783e-12
2.70871 7.19013e-12
2.72072 6.37631e-12
2.73273 5.6546e-12
2.74474 5.01458e-12
2.75676 4.447e-12
2.76877 3.94366e-12
2.78078 3.49729e-12
2.79279 3.10145e-12
2.8048 2.75041e-12
2.81682 2.4391e-12
2.82883 2.16303e-12
2.84084 1.9182e-12
2.85285 1.70109e-12
2.86486 1.50855e-12
2.87688 1.3378e-12
2.88889 1.18638e-12
2.9009 1.0521e-12
2.91291 9.33016e-13
2.92492 8.27412e-13
2.93694 7.3376e-13
2.94895 6.50709e-13
2.96096 5.77058e-13
2.97297 5.11743e-13
2.98498 4.53821e-13
2.997 4.02454e-13
3.00901 3.56902e-13
3.02102 3.16506e-13
3.03303 2.80682e-13
3.04505 2.48913e-13
3.05706 2.20739e-13
3.06907 1.95754e-13
3.08108 1.73598e-13
3.09309 1.53949e-13
3.10511 1.36524e-13
3.11712 1.21071e-13
3.12913 1.07368e-13
3.14114 9.52153e-14
3.15315 8.44382e-14
3.16517 7.4881e-14
3.17718 6.64055e-14
3.18919 5.88893e-14
3.2012 5.22239e-14
3.21321 4.63129e-14
3.22523 4.10709e-14
3.23724 3.64222e-14
3.24925 3.22997e-14
3.26126 2.86439e-14
3.27327 2.54018e-14
3.28529 2.25267e-14
3.2973 1.99769e-14
3.30931 1.77158e-14
3.32132 1.57106e-14
3.33333 1.39324e-14
3.34535 1.23555e-14
3.35736 1.0957e-14
3.36937 9.71682e-15
3.38138 8.61701e-15
3.39339 7.64168e-15
3.40541 6.77675e-15
3.41742 6.00972e-15
3.42943 5.3295e-15
3.44144 4.72628e-15
3.45345 4.19133e-15
3.46547 3.71693e-15
3.47748 3.29622e-15
3.48949 2.92314e-15
3.5015 2.59228e-15
3.51351 2.29887e-15
3.52553 2.03867e-15
3.53754 1.80792e-15
3.54955 1.60329e-15
3.56156 1.42182e-15
3.57357 1.26089e-15
3.58559 1.11817e-15
3.5976 9.91611e-16
3.60961 8.79375e-16
3.62162 7.79842e-16
3.63363 6.91574e-16
3.64565 6.13298e-16
3.65766 5.43881e-16
3.66967 4.82321e-16
3.68168 4.27729e-16
3.69369 3.79316e-16
3.70571 3.36383e-16
3.71772 2.98309e-16
3.72973 2.64545e-16
3.74174 2.34602e-16
3.75375 2.08048e-16
3.76577 1.845e-16
3.77778 1.63617e-16
3.78979 1.45098e-16
3.8018 1.28675e-16
3.81381 1.14111e-16
3.82583 1.01195e-16
3.83784 8.97411e-17
3.84985 7.95837e-17
3.86186 7.05759e-17
3.87387 6.25877e-17
3.88589 5.55036e-17
3.8979 4.92214e-17
3.90991 4.36502e-17
3.92192 3.87096e-17
3.93393 3.43282e-17
3.94595 3.04427e-17
3.95796 2.69971e-17
3.96997 2.39414e-17
3.98198 2.12315e-17
3.99399 1.88284e-17
4.00601 1.66973e-17
4.01802 1.48074e-17
4.03003 1.31314e-17
4.04204 1.16451e-17
4.05405 1.03271e-17
4.06607 9.15817e-18
4.07808 8.12159e-18
4.09009 7.20234e-18
4.1021 6.38714e-18
4.11411 5.6642e-18
4.12613 5.02309e-18
4.13814 4.45455e-18
4.15015 3.95036e-18
4.16216 3.50323e-18
4.17417 3.10671e-18
4.18619 2.75508e-18
4.1982 2.44324e-18
4.21021 2.1667e-18
4.22222 1.92146e-18
4.23423 1.70398e-18
4.24625 1.51111e-18
4.25826 1.34007e-18
4.27027 1.1884e-18
4.28228 1.05389e-18
4.29429 9.34601e-19
4.30631 8.28817e-19
4.31832 7.35006e-19
4.33033 6.51814e-19
4.34234 5.78038e-19
4.35435 5.12612e-19
4.36637 4.54591e-19
4.37838 4.03138e-19
4.39039 3.57508e-19
4.4024 3.17043e-19
4.41441 2.81158e-19
4.42643 2.49335e-19
4.43844 2.21114e-19
4.45045 1.96087e-19
4.46246 1.73893e-19
4.47447 1.5421e-19
4.48649 1.36756e-19
4.4985 1.21277e-19
4.51051 1.0755e-19
4.52252 9.5377e-20
4.53453 8.45816e-20
4.54655 7.50082e-20
4.55856 6.65183e-20
4.57057 5.89893e-20
4.58258 5.23126e-20
4.59459 4.63915e-20
4.60661 4.11406e-20
4.61862 3.64841e-20
4.63063 3.23546e-20
4.64264 2.86925e-20
4.65465 2.54449e-20
4.66667 2.25649e-20
4.67868 2.00109e-20
4.69069 1.77459e-20
4.7027 1.57373e-20
4.71471 1.39561e-20
4.72673 1.23764e-20
4.73874 1.09756e-20
4.75075 9.73332e-21
4.76276 8.63164e-21
4.77477 7.65466e-21
4.78679 6.78826e-21
4.7988 6.01992e-21
4.81081 5.33855e-21
4.82282 4.7343e-21
4.83483 4.19844e-21
4.84685 3.72324e-21
4.85886 3.30182e-21
4.87087 2.9281e-21
4.88288 2.59668e-21
4.89489 2.30277e-21
4.90691 2.04213e-21
4.91892 1.81099e-21
4.93093 1.60601e-21
4.94294 1.42423e-21
4.95495 1.26303e-21
4.96697 1.12007e-21
4.97898 9.93295e-22
4.99099 8.80868e-22
5.003 7.81166e-22
5.01502 6.92749e-22
5.02703 6.14339e-22
5.03904 5.44805e-22
5.05105 4.8314e-22
5.06306 4.28456e-22
5.07508 3.7996e-22
5.08709 3.36954e-22
5.0991 2.98816e-22
5.11111 2.64994e-22
5.12312 2.35e-22
5.13514 2.08401e-22
5.14715 1.84813e-22
5.15916 1.63895e-22
5.17117 1.45344e-22
5.18318 1.28893e-22
5.1952 1.14304e-22
5.20721 1.01367e-22
5.21922 8.98935e-23
5.23123 7.97188e-23
5.24324 7.06957e-23
5.25526 6.2694e-23
5.26727 5.55979e-23
5.27928 4.9305e-23
5.29129 4.37243e-23
5.3033 3.87754e-23
5.31532 3.43865e-23
5.32733 3.04944e-23
5.33934 2.70429e-23
5.35135 2.3982e-23
5.36336 2.12676e-23
5.37538 1.88604e-23
5.38739 1.67257e-23
5.3994 1.48325e-23
5.41141 1.31537e-23
5.42342 1.16649e-23
5.43544 1.03446e-23
5.44745 9.17372e-24
5.45946 8.13539e-24
5.47147 7.21457e-24
5.48348 6.39798e-24
5.4955 5.67382e-24
5.50751 5.03162e-24
5.51952 4.46211e-24
5.53153 3.95706e-24
5.54354 3.50918e-24
5.55556 3.11199e-24
5.56757 2.75976e-24
5.57958 2.44739e-24
5.59159 2.17038e-24
5.6036 1.92472e-24
5.61562 1.70687e-24
5.62763 1.51368e-24
5.63964 1.34235e-24
5.65165 1.19041e-24
5.66366 1.05568e-24
5.67568 9.36188e-25
5.68769 8.30225e-25
5.6997 7.36255e-25
5.71171 6.52921e-25
5.72372 5.79019e-25
5.73574 5.13482e-25
5.74775 4.55363e-25
5.75976 4.03823e-25
5.77177 3.58115e-25
5.78378 3.17582e-25
5.7958 2.81636e-25
5.80781 2.49759e-25
5.81982 2.21489e-25
5.83183 1.9642e-25
5.84384 1.74188e-25
5.85586 1.54472e-25
5.86787 1.36988e-25
5.87988 1.21483e-25
5.89189 1.07733e-25
5.9039 9.55389e-26
5.91592 8.47253e-26
5.92793 7.51355e-26
5.93994 6.66312e-26
5.95195 5.90895e-26
5.96396 5.24014e-26
5.97598 4.64703e-26
5.98799 4.12105e-26
6 3.6546e-26
