-6 1.05531e-29
-5.98799 1.35955e-29
-5.97598 1.7506e-29
-5.96396 2.253e-29
-5.95195 2.89813e-29
-5.93994 3.7261e-29
-5.92793 4.78822e-29
-5.91592 6.14999e-29
-5.9039 7.89508e-29
-5.89189 1.01303e-28
-5.87988 1.29917e-28
-5.86787 1.6653e-28
-5.85586 2.13354e-28
-5.84384 2.73206e-28
-5.83183 3.49672e-28
-5.81982 4.47315e-28
-5.80781 5.71937e-28
-5.7958 7.3091e-28
-5.78378 9.336e-28
-5.77177 1.1919e-27
-5.75976 1.5209e-27
-5.74775 1.93973e-27
-5.73574 2.47267e-27
-5.72372 3.15043e-27
-5.71171 4.01196e-27
-5.6997 5.10652e-27
-5.68769 6.49642e-27
-5.67568 8.26048e-27
-5.66366 1.04983e-26
-5.65165 1.33356e-26
-5.63964 1.69312e-26
-5.62763 2.14855e-26
-5.61562 2.72511e-26
-5.6036 3.45465e-26
-5.59159 4.3773e-26
-5.57958 5.54358e-26
-5.56757 7.01706e-26
-5.55556 8.87773e-26
-5.54354 1.12261e-25
-5.53153 1.41886e-25
-5.51952 1.79239e-25
-5.50751 2.2631e-25
-5.4955 2.85601e-25
-5.48348 3.60243e-25
-5.47147 4.54164e-25
-5.45946 5.72285e-25
-5.44745 7.20765e-25
-5.43544 9.07311e-25
-5.42342 1.14156e-24
-5.41141 1.43558e-24
-5.3994 1.8044e-24
-5.38739 2.26685e-24
-5.37538 2.84638e-24
-5.36336 3.57228e-24
-5.35135 4.48104e-24
-5.33934 5.61816e-24
-5.32733 7.0403e-24
-5.31532 8.81799e-24
-5.3033 1.1039e-23
-5.29129 1.38125e-23
-5.27928 1.72741e-23
-5.26727 2.15924e-23
-5.25526 2.69766e-23
-5.24324 3.36865e-23
-5.23123 4.20442e-23
-5.21922 5.2449e-23
-5.20721 6.53959e-23
-5.1952 8.14978e-23
-5.18318 1.01513e-22
-5.17117 1.26381e-22
-5.15916 1.57261e-22
-5.14715 1.95588e-22
-5.13514 2.43134e-22
-5.12312 3.02086e-22
-5.11111 3.75143e-22
-5.0991 4.65635e-22
-5.08709 5.77664e-22
-5.07508 7.16287e-22
-5.06306 8.87729e-22
-5.05105 1.09965e-21
-5.03904 1.36148e-21
-5.02703 1.68481e-21
-5.01502 2.08387e-21
-5.003 2.57616e-21
-4.99099 3.18314e-21
-4.97898 3.93116e-21
-4.96697 4.85252e-21
-4.95495 5.98682e-21
-4.94294 7.38255e-21
-4.93093 9.09909e-21
-4.91892 1.12091e-20
-4.90691 1.38015e-20
-4.89489 1.69849e-20
-4.88288 2.08921e-20
-4.87087 2.56852e-20
-4.85886 3.15621e-20
-4.84685 3.87641e-20
-4.83483 4.75856e-20
-4.82282 5.83852e-20
-4.81081 7.15999e-20
-4.7988 8.77613e-20
-4.78679 1.07517e-19
-4.77477 1.31653e-19
-4.76276 1.61126e-19
-4.75075 1.97099e-19
-4.73874 2.40982e-19
-4.72673 2.94487e-19
-4.71471 3.59691e-19
-4.7027 4.39111e-19
-4.69069 5.35798e-19
-4.67868 6.53446e-19
-4.66667 7.96526e-19
-4.65465 9.70447e-19
-4.64264 1.18175e-18
-4.63063 1.43834e-18
-4.61862 1.74976e-18
-4.60661 2.12754e-18
-4.59459 2.58559e-18
-4.58258 3.14067e-18
-4.57057 3.813e-18
-4.55856 4.62694e-18
-4.54655 5.6118e-18
-4.53453 6.80287e-18
-4.52252 8.2426e-18
-4.51051 9.98201e-18
-4.4985 1.20824e-17
-4.48649 1.46174e-17
-4.47447 1.76754e-17
-4.46246 2.13625e-17
-4.45045 2.58056e-17
-4.43844 3.11573e-17
-4.42643 3.75998e-17
-4.41441 4.53518e-17
-4.4024 5.46745e-17
-4.39039 6.58806e-17
-4.37838 7.93435e-17
-4.36637 9.55097e-17
-4.35435 1.14912e-16
-4.34234 1.38186e-16
-4.33033 1.66091e-16
-4.31832 1.99531e-16
-4.30631 2.39583e-16
-4.29429 2.8753e-16
-4.28228 3.44899e-16
-4.27027 4.13507e-16
-4.25826 4.95514e-16
-4.24625 5.93486e-16
-4.23423 7.10473e-16
-4.22222 8.50092e-16
-4.21021 1.01664e-15
-4.1982 1.2152e-15
-4.18619 1.45182e-15
-4.17417 1.73364e-15
-4.16216 2.06913e-15
-4.15015 2.4683e-15
-4.13814 2.943e-15
-4.12613 3.50724e-15
-4.11411 4.17755e-15
-4.1021 4.97347e-15
-4.09009 5.91806e-15
-4.07808 7.03852e-15
-4.06607 8.36691e-15
-4.05405 9.94102e-15
-4.04204 1.18054e-14
-4.03003 1.40123e-14
-4.01802 1.66234e-14
-4.00601 1.97113e-14
-3.99399 2.33609e-14
-3.98198 2.76725e-14
-3.96997 3.27633e-14
-3.95796 3.87712e-14
-3.94595 4.58578e-14
-3.93393 5.42125e-14
-3.92192 6.40571e-14
-3.90991 7.56515e-14
-3.8979 8.92995e-14
-3.88589 1.05357e-13
-3.87387 1.24239e-13
-3.86186 1.46432e-13
-3.84985 1.72503e-13
-3.83784 2.03114e-13
-3.82583 2.39036e-13
-3.81381 2.81171e-13
-3.8018 3.30566e-13
-3.78979 3.88444e-13
-3.77778 4.56227e-13
-3.76577 5.35569e-13
-3.75375 6.28394e-13
-3.74174 7.36938e-13
-3.72973 8.63797e-13
-3.71772 1.01199e-12
-3.70571 1.185e-12
-3.69369 1.38691e-12
-3.68168 1.62239e-12
-3.66967 1.89691e-12
-3.65766 2.21677e-12
-3.64565 2.58926e-12
-3.63363 3.02283e-12
-3.62162 3.52723e-12
-3.60961 4.11373e-12
-3.5976 4.79535e-12
-3.58559 5.5871e-12
-3.57357 6.50631e-12
-3.56156 7.57296e-12
-3.54955 8.81005e-12
-3.53754 1.02441e-11
-3.52553 1.19056e-11
-3.51351 1.38296e-11
-3.5015 1.60565e-11
-3.48949 1.86327e-11
-3.47748 2.16113e-11
-3.46547 2.50535e-11
-3.45345 2.90295e-11
-3.44144 3.36196e-11
-3.42943 3.89159e-11
-3.41742 4.5024e-11
-3.40541 5.20647e-11
-3.39339 6.01762e-11
-3.38138 6.95166e-11
-3.36937 8.02665e-11
-3.35736 9.26324e-11
-3.34535 1.0685e-10
-3.33333 1.23187e-10
-3.32132 1.41952e-10
-3.30931 1.63493e-10
-3.2973 1.88208e-10
-3.28529 2.16551e-10
-3.27327 2.49037e-10
-3.26126 2.86253e-10
-3.24925 3.28866e-10
-3.23724 3.77634e-10
-3.22523 4.33415e-10
-3.21321 4.97187e-10
-3.2012 5.70057e-10
-3.18919 6.53279e-10
-3.17718 7.48275e-10
-3.16517 8.56656e-10
-3.15315 9.80244e-10
-3.14114 1.1211e-09
-3.12913 1.28155e-09
-3.11712 1.46424e-09
-3.10511 1.67212e-09
-3.09309 1.90857e-09
-3.08108 2.17736e-09
-3.06907 2.48275e-09
-3.05706 2.82957e-09
-3.04505 3.22321e-09
-3.03303 3.66979e-09
-3.02102 4.17614e-09
-3.00901 4.74997e-09
-2.997 5.39995e-09
-2.98498 6.1358e-09
-2.97297 6.96843e-09
-2.96096 7.91008e-09
-2.94895 8.97448e-09
-2.93694 1.0177e-08
-2.92492 1.15349e-08
-2.91291 1.30674e-08
-2.9009 1.47962e-08
-2.88889 1.67452e-08
-2.87688 1.89415e-08
-2.86486 2.14151e-08
-2.85285 2.41996e-08
-2.84084 2.73325e-08
-2.82883 3.08556e-08
-2.81682 3.48153e-08
-2.8048 3.92635e-08
-2.79279 4.42578e-08
-2.78078 4.98625e-08
-2.76877 5.61488e-08
-2.75676 6.3196e-08
-2.74474 7.10921e-08
-2.73273 7.99348e-08
-2.72072 8.98324e-08
-2.70871 1.00905e-07
-2.6967 1.13286e-07
-2.68468 1.27122e-07
-2.67267 1.42576e-07
-2.66066 1.5983e-07
-2.64865 1.79081e-07
-2.63664 2.00551e-07
-2.62462 2.24483e-07
-2.61261 2.51145e-07
-2.6006 2.80833e-07
-2.58859 3.13873e-07
-2.57658 3.50625e-07
-2.56456 3.91485e-07
-2.55255 4.36887e-07
-2.54054 4.87311e-07
-2.52853 5.43283e-07
-2.51652 6.05381e-07
-2.5045 6.74239e-07
-2.49249 7.50554e-07
-2.48048 8.3509e-07
-2.46847 9.28681e-07
-2.45646 1.03225e-06
-2.44444 1.14679e-06
-2.43243 1.2734e-06
-2.42042 1.41328e-06
-2.40841 1.56775e-06
-2.3964 1.73823e-06
-2.38438 1.92629e-06
-2.37237 2.13362e-06
-2.36036 2.36209e-06
-2.34835 2.61372e-06
-2.33634 2.8907e-06
-2.32432 3.19545e-06
-2.31231 3.53055e-06
-2.3003 3.89884e-06
-2.28829 4.30341e-06
-2.27628 4.74758e-06
-2.26426 5.23497e-06
-2.25225 5.76952e-06
-2.24024 6.35548e-06
-2.22823 6.99744e-06
-2.21622 7.70041e-06
-2.2042 8.46976e-06
-2.19219 9.31132e-06
-2.18018 1.02314e-05
-2.16817 1.12368e-05
-2.15616 1.23348e-05
-2.14414 1.35333e-05
-2.13213 1.48408e-05
-2.12012 1.62666e-05
-2.10811 1.78204e-05
-2.0961 1.9513e-05
-2.08408 2.13556e-05
-2.07207 2.33605e-05
-2.06006 2.55409e-05
-2.04805 2.79109e-05
-2.03604 3.04855e-05
-2.02402 3.32811e-05
-2.01201 3.63148e-05
-2 3.96053e-05
-1.98799 4.31724e-05
-1.97598 4.70373e-05
-1.96396 5.12227e-05
-1.95195 5.57526e-05
-1.93994 6.06528e-05
-1.92793 6.59508e-05
-1.91592 7.16758e-05
-1.9039 7.78588e-05
-1.89189 8.45331e-05
-1.87988 9.17338e-05
-1.86787 9.94981e-05
-1.85586 0.000107866
-1.84384 0.000116879
-1.83183 0.000126582
-1.81982 0.000137022
-1.80781 0.000148249
-1.7958 0.000160316
-1.78378 0.00017328
-1.77177 0.000187197
-1.75976 0.000202132
-1.74775 0.00021815
-1.73574 0.000235319
-1.72372 0.000253714
-1.71171 0.000273409
-1.6997 0.000294487
-1.68769 0.000317032
-1.67568 0.000341133
-1.66366 0.000366883
-1.65165 0.00039438
-1.63964 0.000423726
-1.62763 0.00045503
-1.61562 0.000488402
-1.6036 0.000523962
-1.59159 0.00056183
-1.57958 0.000602134
-1.56757 0.000645009
-1.55556 0.000690593
-1.54354 0.00073903
-1.53153 0.00079047
-1.51952 0.00084507
-1.50751 0.000902991
-1.4955 0.000964402
-1.48348 0.00102948
-1.47147 0.0010984
-1.45946 0.00117134
-1.44745 0.00124852
-1.43544 0.00133011
-1.42342 0.00141633
-1.41141 0.00150739
-1.3994 0.00160351
-1.38739 0.00170491
-1.37538 0.00181181
-1.36336 0.00192447
-1.35135 0.00204311
-1.33934 0.00216798
-1.32733 0.00229934
-1.31532 0.00243746
-1.3033 0.00258258
-1.29129 0.00273498
-1.27928 0.00289493
-1.26727 0.00306272
-1.25526 0.00323862
-1.24324 0.00342292
-1.23123 0.00361591
-1.21922 0.00381788
-1.20721 0.00402913
-1.1952 0.00424996
-1.18318 0.00448066
-1.17117 0.00472154
-1.15916 0.0049729
-1.14715 0.00523504
-1.13514 0.00550826
-1.12312 0.00579286
-1.11111 0.00608914
-1.0991 0.0063974
-1.08709 0.00671792
-1.07508 0.007051
-1.06306 0.00739692
-1.05105 0.00775596
-1.03904 0.0081284
-1.02703 0.00851448
-1.01502 0.00891449
-1.003 0.00932865
-0.990991 0.00975721
-0.978979 0.0102004
-0.966967 0.0106584
-0.954955 0.0111315
-0.942943 0.0116198
-0.930931 0.0121235
-0.918919 0.0126428
-0.906907 0.0131778
-0.894895 0.0137286
-0.882883 0.0142953
-0.870871 0.0148781
-0.858859 0.0154769
-0.846847 0.0160919
-0.834835 0.016723
-0.822823 0.0173703
-0.810811 0.0180337
-0.798799 0.0187131
-0.786787 0.0194085
-0.774775 0.0201198
-0.762763 0.0208469
-0.750751 0.0215895
-0.738739 0.0223475
-0.726727 0.0231207
-0.714715 0.0239088
-0.702703 0.0247115
-0.690691 0.0255285
-0.678679 0.0263595
-0.666667 0.0272041
-0.654655 0.0280619
-0.642643 0.0289324
-0.630631 0.0298151
-0.618619 0.0307096
-0.606607 0.0316153
-0.594595 0.0325316
-0.582583 0.033458
-0.570571 0.0343937
-0.558559 0.0353381
-0.546547 0.0362905
-0.534535 0.0372502
-0.522523 0.0382163
-0.510511 0.0391882
-0.498498 0.0401649
-0.486486 0.0411457
-0.474474 0.0421296
-0.462462 0.0431158
-0.45045 0.0441033
-0.438438 0.0450911
-0.426426 0.0460783
-0.414414 0.0470639
-0.402402 0.0480469
-0.39039 0.0490262
-0.378378 0.0500008
-0.366366 0.0509697
-0.354354 0.0519317
-0.342342 0.0528858
-0.33033 0.053831
-0.318318 0.054766
-0.306306 0.0556898
-0.294294 0.0566013
-0.282282 0.0574994
-0.27027 0.0583831
-0.258258 0.0592511
-0.246246 0.0601024
-0.234234 0.060936
-0.222222 0.0617507
-0.21021 0.0625456
-0.198198 0.0633195
-0.186186 0.0640715
-0.174174 0.0648006
-0.162162 0.0655057
-0.15015 0.066186
-0.138138 0.0668405
-0.126126 0.0674683
-0.114114 0.0680685
-0.102102 0.0686404
-0.0900901 0.0691831
-0.0780781 0.0696959
-0.0660661 0.070178
-0.0540541 0.0706288
-0.042042 0.0710476
-0.03003 0.0714339
-0.018018 0.071787
-0.00600601 0.0721065
0.00600601 0.0723919
0.018018 0.0726429
0.03003 0.072859
0.042042 0.07304
0.0540541 0.0731855
0.0660661 0.0732955
0.0780781 0.0733697
0.0900901 0.073408
0.102102 0.0734104
0.114114 0.0733769
0.126126 0.0733076
0.138138 0.0732025
0.15015 0.0730618
0.162162 0.0728858
0.174174 0.0726747
0.186186 0.0724287
0.198198 0.0721484
0.21021 0.0718341
0.222222 0.0714862
0.234234 0.0711054
0.246246 0.070692
0.258258 0.0702468
0.27027 0.0697703
0.282282 0.0692633
0.294294 0.0687265
0.306306 0.0681606
0.318318 0.0675665
0.33033 0.0669449
0.342342 0.0662968
0.354354 0.065623
0.366366 0.0649244
0.378378 0.0642021
0.39039 0.0634569
0.402402 0.0626899
0.414414 0.061902
0.426426 0.0610944
0.438438 0.0602681
0.45045 0.059424
0.462462 0.0585634
0.474474 0.0576872
0.486486 0.0567966
0.498498 0.0558926
0.510511 0.0549763
0.522523 0.0540489
0.534535 0.0531114
0.546547 0.0521648
0.558559 0.0512104
0.570571 0.0502491
0.582583 0.049282
0.594595 0.0483101
0.606607 0.0473346
0.618619 0.0463563
0.630631 0.0453763
0.642643 0.0443956
0.654655 0.0434151
0.666667 0.0424359
0.678679 0.0414587
0.690691 0.0404844
0.702703 0.0395141
0.714715 0.0385484
0.726727 0.0375882
0.738739 0.0366343
0.750751 0.0356875
0.762763 0.0347484
0.774775 0.0338177
0.786787 0.0328962
0.798799 0.0319844
0.810811 0.031083
0.822823 0.0301925
0.834835 0.0293134
0.846847 0.0284463
0.858859 0.0275916
0.870871 0.0267498
0.882883 0.0259213
0.894895 0.0251064
0.906907 0.0243055
0.918919 0.0235189
0.930931 0.0227469
0.942943 0.0219898
0.954955 0.0212477
0.966967 0.0205208
0.978979 0.0198094
0.990991 0.0191135
1.003 0.0184333
1.01502 0.0177689
1.02703 0.0171203
1.03904 0.0164875
1.05105 0.0158705
1.06306 0.0152694
1.07508 0.0146841
1.08709 0.0141145
1.0991 0.0135606
1.11111 0.0130223
1.12312 0.0124994
1.13514 0.0119918
1.14715 0.0114994
1.15916 0.0110221
1.17117 0.0105595
1.18318 0.0101116
1.1952 0.00967815
1.20721 0.00925891
1.21922 0.00885365
1.23123 0.00846216
1.24324 0.00808417
1.25526 0.00771944
1.26727 0.00736771
1.27928 0.00702871
1.29129 0.00670217
1.3033 0.0063878
1.31532 0.00608534
1.32733 0.00579448
1.33934 0.00551495
1.35135 0.00524646
1.36336 0.00498871
1.37538 0.00474142
1.38739 0.00450429
1.3994 0.00427702
1.41141 0.00405934
1.42342 0.00385095
1.43544 0.00365156
1.44745 0.0034609
1.45946 0.00327867
1.47147 0.0031046
1.48348 0.00293841
1.4955 0.00277984
1.50751 0.00262861
1.51952 0.00248446
1.53153 0.00234714
1.54354 0.00221639
1.55556 0.00209196
1.56757 0.00197362
1.57958 0.00186111
1.59159 0.00175422
1.6036 0.00165271
1.61562 0.00155636
1.62763 0.00146496
1.63964 0.0013783
1.65165 0.00129618
1.66366 0.0012184
1.67568 0.00114476
1.68769 0.00107509
1.6997 0.0010092
1.71171 0.000946925
1.72372 0.000888089
1.73574 0.000832533
1.74775 0.000780102
1.75976 0.000730644
1.77177 0.000684015
1.78378 0.000640074
1.7958 0.000598689
1.80781 0.000559729
1.81982 0.000523071
1.83183 0.000488596
1.84384 0.00045619
1.85586 0.000425745
1.86787 0.000397155
1.87988 0.000370321
1.89189 0.000345148
1.9039 0.000321544
1.91592 0.000299423
1.92793 0.000278701
1.93994 0.000259299
1.95195 0.000241142
1.96396 0.000224159
1.97598 0.000208281
1.98799 0.000193443
2 0.000179584
2.01201 0.000166646
2.02402 0.000154573
2.03604 0.000143313
2.04805 0.000132816
2.06006 0.000123035
2.07207 0.000113925
2.08408 0.000105445
2.0961 9.7554e-05
2.10811 9.02153e-05
2.12012 8.33931e-05
2.13213 7.70542e-05
2.14414 7.11669e-05
2.15616 6.57018e-05
2.16817 6.06308e-05
2.18018 5.59277e-05
2.19219 5.15678e-05
2.2042 4.7528e-05
2.21622 4.37863e-05
2.22823 4.03225e-05
2.24024 3.71173e-05
2.25225 3.41528e-05
2.26426 3.14121e-05
2.27628 2.88795e-05
2.28829 2.65402e-05
2.3003 2.43805e-05
2.31231 2.23873e-05
2.32432 2.05488e-05
2.33634 1.88537e-05
2.34835 1.72914e-05
2.36036 1.58522e-05
2.37237 1.4527e-05
2.38438 1.33073e-05
2.3964 1.21851e-05
2.40841 1.11531e-05
2.42042 1.02045e-05
2.43243 9.33297e-06
2.44444 8.53249e-06
2.45646 7.79763e-06
2.46847 7.1233e-06
2.48048 6.50476e-06
2.49249 5.93764e-06
2.5045 5.41789e-06
2.51652 4.94175e-06
2.52853 4.50574e-06
2.54054 4.10665e-06
2.55255 3.74149e-06
2.56456 3.40753e-06
2.57658 3.10221e-06
2.58859 2.82321e-06
2.6006 2.56835e-06
2.61261 2.33563e-06
2.62462 2.12323e-06
2.63664 1.92943e-06
2.64865 1.7527e-06
2.66066 1.59157e-06
2.67267 1.44475e-06
2.68468 1.311e-06
2.6967 1.18921e-06
2.70871 1.07835e-06
2.72072 9.77492e-07
2.73273 8.85755e-07
2.74474 8.0235e-07
2.75676 7.26549e-07
2.76877 6.57686e-07
2.78078 5.95147e-07
2.79279 5.38374e-07
2.8048 4.86854e-07
2.81682 4.40118e-07
2.82883 3.97737e-07
2.84084 3.59319e-07
2.85285 3.24507e-07
2.86486 2.92974e-07
2.87688 2.64419e-07
2.88889 2.38573e-07
2.9009 2.15184e-07
2.91291 1.94028e-07
2.92492 1.74898e-07
2.93694 1.57606e-07
2.94895 1.4198e-07
2.96096 1.27865e-07
2.97297 1.15118e-07
2.98498 1.03612e-07
2.997 9.32279e-08
3.00901 8.38604e-08
3.02102 7.54125e-08
3.03303 6.77962e-08
3.04505 6.09319e-08
3.05706 5.47474e-08
3.06907 4.91769e-08
3.08108 4.41612e-08
3.09309 3.96463e-08
3.10511 3.55835e-08
3.11712 3.19286e-08
3.12913 2.86416e-08
3.14114 2.56864e-08
3.15315 2.30302e-08
3.16517 2.06434e-08
3.17718 1.84994e-08
3.18919 1.65741e-08
3.2012 1.48454e-08
3.21321 1.32939e-08
3.22523 1.19018e-08
3.23724 1.06529e-08
3.24925 9.53291e-09
3.26126 8.52873e-09
3.27327 7.62862e-09
3.28529 6.82201e-09
3.2973 6.09936e-09
3.30931 5.4521e-09
3.32132 4.8725e-09
3.33333 4.35361e-09
3.34535 3.8892e-09
3.35736 3.47363e-09
3.36937 3.10185e-09
3.38138 2.76933e-09
3.39339 2.47199e-09
3.40541 2.20616e-09
3.41742 1.96855e-09
3.42943 1.75622e-09
3.44144 1.56652e-09
3.45345 1.39706e-09
3.46547 1.24573e-09
3.47748 1.1106e-09
3.48949 9.89967e-10
3.5015 8.82297e-10
3.51351 7.86214e-10
3.52553 7.00488e-10
3.53754 6.24015e-10
3.54955 5.55809e-10
3.56156 4.94987e-10
3.57357 4.40759e-10
3.58559 3.92418e-10
3.5976 3.49333e-10
3.60961 3.10937e-10
3.62162 2.76726e-10
3.63363 2.46248e-10
3.64565 2.19101e-10
3.65766 1.94923e-10
3.66967 1.73393e-10
3.68168 1.54224e-10
3.69369 1.3716e-10
3.70571 1.2197e-10
3.71772 1.08451e-10
3.72973 9.64214e-11
3.74174 8.57174e-11
3.75375 7.61945e-11
3.76577 6.77233e-11
3.77778 6.01885e-11
3.78979 5.34874e-11
3.8018 4.75284e-11
3.81381 4.22298e-11
3.82583 3.75189e-11
3.83784 3.3331e-11
3.84985 2.96084e-11
3.86186 2.62997e-11
3.87387 2.3359e-11
3.88589 2.07458e-11
3.8979 1.84238e-11
3.90991 1.63606e-11
3.92192 1.45276e-11
3.93393 1.28992e-11
3.94595 1.14527e-11
3.95796 1.01678e-11
3.96997 9.02666e-12
3.98198 8.01316e-12
3.99399 7.11312e-12
4.00601 6.31387e-12
4.01802 5.60418e-12
4.03003 4.97405e-12
4.04204 4.41459e-12
4.05405 3.9179e-12
4.06607 3.47696e-12
4.07808 3.08553e-12
4.09009 2.73808e-12
4.1021 2.42967e-12
4.11411 2.15593e-12
4.12613 1.91297e-12
4.13814 1.69734e-12
4.15015 1.50598e-12
4.16216 1.33615e-12
4.17417 1.18545e-12
4.18619 1.05172e-12
4.1982 9.33051e-13
4.21021 8.27755e-13
4.22222 7.34326e-13
4.23423 6.5143e-13
4.24625 5.77881e-13
4.25826 5.12626e-13
4.27027 4.54732e-13
4.28228 4.0337e-13
4.29429 3.57804e-13
4.30631 3.1738e-13
4.31832 2.8152e-13
4.33033 2.49708e-13
4.34234 2.21488e-13
4.35435 1.96454e-13
4.36637 1.74249e-13
4.37838 1.54551e-13
4.39039 1.37079e-13
4.4024 1.21581e-13
4.41441 1.07834e-13
4.42643 9.56406e-14
4.43844 8.48254e-14
4.45045 7.52326e-14
4.46246 6.67241e-14
4.47447 5.91775e-14
4.48649 5.24842e-14
4.4985 4.65476e-14
4.51051 4.12823e-14
4.52252 3.66123e-14
4.53453 3.24705e-14
4.54655 2.87971e-14
4.55856 2.55392e-14
4.57057 2.26498e-14
4.58258 2.00871e-14
4.59459 1.78144e-14
4.60661 1.57988e-14
4.61862 1.40111e-14
4.63063 1.24257e-14
4.64264 1.10197e-14
4.65465 9.77275e-15
4.66667 8.66687e-15
4.67868 7.68612e-15
4.69069 6.81634e-15
4.7027 6.04497e-15
4.71471 5.36088e-15
4.72673 4.7542e-15
4.73874 4.21617e-15
4.75075 3.73903e-15
4.76276 3.31588e-15
4.77477 2.94061e-15
4.78679 2.60781e-15
4.7988 2.31267e-15
4.81081 2.05093e-15
4.82282 1.81882e-15
4.83483 1.61297e-15
4.84685 1.43041e-15
4.85886 1.26852e-15
4.87087 1.12495e-15
4.88288 9.9763e-16
4.89489 8.84718e-16
4.90691 7.84585e-16
4.91892 6.95785e-16
4.93093 6.17035e-16
4.94294 5.47197e-16
4.95495 4.85264e-16
4.96697 4.30341e-16
4.97898 3.81634e-16
4.99099 3.38439e-16
5.003 3.00133e-16
5.01502 2.66163e-16
5.02703 2.36038e-16
5.03904 2.09322e-16
5.05105 1.8563e-16
5.06306 1.6462e-16
5.07508 1.45987e-16
5.08709 1.29464e-16
5.0991 1.1481e-16
5.11111 1.01816e-16
5.12312 9.02916e-17
5.13514 8.00719e-17
5.14715 7.1009e-17
5.15916 6.29718e-17
5.17117 5.58443e-17
5.18318 4.95236e-17
5.1952 4.39182e-17
5.20721 3.89473e-17
5.21922 3.4539e-17
5.23123 3.06297e-17
5.24324 2.71629e-17
5.25526 2.40884e-17
5.26727 2.13619e-17
5.27928 1.89441e-17
5.29129 1.67999e-17
5.3033 1.48984e-17
5.31532 1.32121e-17
5.32733 1.17167e-17
5.33934 1.03905e-17
5.35135 9.21444e-18
5.36336 8.1715e-18
5.37538 7.2466e-18
5.38739 6.42638e-18
5.3994 5.69901e-18
5.41141 5.05396e-18
5.42342 4.48192e-18
5.43544 3.97463e-18
5.44745 3.52476e-18
5.45946 3.12581e-18
5.47147 2.77201e-18
5.48348 2.45826e-18
5.4955 2.18001e-18
5.50751 1.93327e-18
5.51952 1.71445e-18
5.53153 1.5204e-18
5.54354 1.34831e-18
5.55556 1.1957e-18
5.56757 1.06036e-18
5.57958 9.40345e-19
5.59159 8.33911e-19
5.6036 7.39524e-19
5.61562 6.5582e-19
5.62763 5.8159e-19
5.63964 5.15762e-19
5.65165 4.57385e-19
5.66366 4.05615e-19
5.67568 3.59705e-19
5.68769 3.18992e-19
5.6997 2.82886e-19
5.71171 2.50868e-19
5.72372 2.22473e-19
5.73574 1.97292e-19
5.74775 1.74961e-19
5.75976 1.55158e-19
5.77177 1.37596e-19
5.78378 1.22022e-19
5.7958 1.08211e-19
5.80781 9.59631e-20
5.81982 8.51015e-20
5.83183 7.54692e-20
5.84384 6.69271e-20
5.85586 5.93519e-20
5.86787 5.26341e-20
5.87988 4.66766e-20
5.89189 4.13935e-20
5.9039 3.67083e-20
5.91592 3.25534e-20
5.92793 2.88688e-20
5.93994 2.56013e-20
5.95195 2.27036e-20
5.96396 2.01339e-20
5.97598 1.7855e-20
5.98799 1.5834e-20
6 1.40419e-20
