-6 2.67009e-06
-5.98799 2.76924e-06
-5.97598 2.87186e-06
-5.96396 2.97807e-06
-5.95195 3.08798e-06
-5.93994 3.20172e-06
-5.92793 3.31942e-06
-5.91592 3.44119e-06
-5.9039 3.56717e-06
-5.89189 3.6975e-06
-5.87988 3.83231e-06
-5.86787 3.97176e-06
-5.85586 4.11598e-06
-5.84384 4.26513e-06
-5.83183 4.41937e-06
-5.81982 4.57886e-06
-5.80781 4.74376e-06
-5.7958 4.91425e-06
-5.78378 5.09049e-06
-5.77177 5.27268e-06
-5.75976 5.461e-06
-5.74775 5.65564e-06
-5.73574 5.85679e-06
-5.72372 6.06466e-06
-5.71171 6.27946e-06
-5.6997 6.50139e-06
-5.68769 6.73069e-06
-5.67568 6.96757e-06
-5.66366 7.21227e-06
-5.65165 7.46503e-06
-5.63964 7.72609e-06
-5.62763 7.9957e-06
-5.61562 8.27413e-06
-5.6036 8.56164e-06
-5.59159 8.85849e-06
-5.57958 9.16499e-06
-5.56757 9.4814e-06
-5.55556 9.80804e-06
-5.54354 1.01452e-05
-5.53153 1.04932e-05
-5.51952 1.08523e-05
-5.50751 1.1223e-05
-5.4955 1.16054e-05
-5.48348 1.20001e-05
-5.47147 1.24072e-05
-5.45946 1.28272e-05
-5.44745 1.32606e-05
-5.43544 1.37075e-05
-5.42342 1.41685e-05
-5.41141 1.4644e-05
-5.3994 1.51343e-05
-5.38739 1.56399e-05
-5.37538 1.61613e-05
-5.36336 1.66988e-05
-5.35135 1.7253e-05
-5.33934 1.78243e-05
-5.32733 1.84131e-05
-5.31532 1.90201e-05
-5.3033 1.96456e-05
-5.29129 2.02903e-05
-5.27928 2.09546e-05
-5.26727 2.16391e-05
-5.25526 2.23443e-05
-5.24324 2.30709e-05
-5.23123 2.38194e-05
-5.21922 2.45904e-05
-5.20721 2.53846e-05
-5.1952 2.62024e-05
-5.18318 2.70448e-05
-5.17117 2.79121e-05
-5.15916 2.88053e-05
-5.14715 2.97248e-05
-5.13514 3.06715e-05
-5.12312 3.16461e-05
-5.11111 3.26493e-05
-5.0991 3.36819e-05
-5.08709 3.47447e-05
-5.07508 3.58384e-05
-5.06306 3.69638e-05
-5.05105 3.81219e-05
-5.03904 3.93134e-05
-5.02703 4.05393e-05
-5.01502 4.18003e-05
-5.003 4.30975e-05
-4.99099 4.44318e-05
-4.97898 4.58041e-05
-4.96697 4.72153e-05
-4.95495 4.86666e-05
-4.94294 5.01588e-05
-4.93093 5.16931e-05
-4.91892 5.32705e-05
-4.90691 5.4892e-05
-4.89489 5.65589e-05
-4.88288 5.82722e-05
-4.87087 6.0033e-05
-4.85886 6.18427e-05
-4.84685 6.37023e-05
-4.83483 6.5613e-05
-4.82282 6.75763e-05
-4.81081 6.95933e-05
-4.7988 7.16653e-05
-4.78679 7.37937e-05
-4.77477 7.59799e-05
-4.76276 7.82252e-05
-4.75075 8.05311e-05
-4.73874 8.28989e-05
-4.72673 8.53303e-05
-4.71471 8.78267e-05
-4.7027 9.03896e-05
-4.69069 9.30205e-05
-4.67868 9.57212e-05
-4.66667 9.84932e-05
-4.65465 0.000101338
-4.64264 0.000104258
-4.63063 0.000107254
-4.61862 0.000110328
-4.60661 0.000113482
-4.59459 0.000116718
-4.58258 0.000120038
-4.57057 0.000123443
-4.55856 0.000126936
-4.54655 0.000130518
-4.53453 0.000134191
-4.52252 0.000137958
-4.51051 0.000141821
-4.4985 0.000145781
-4.48649 0.000149841
-4.47447 0.000154003
-4.46246 0.000158269
-4.45045 0.000162642
-4.43844 0.000167124
-4.42643 0.000171716
-4.41441 0.000176422
-4.4024 0.000181244
-4.39039 0.000186185
-4.37838 0.000191246
-4.36637 0.000196431
-4.35435 0.000201742
-4.34234 0.000207182
-4.33033 0.000212753
-4.31832 0.000218458
-4.30631 0.0002243
-4.29429 0.000230282
-4.28228 0.000236406
-4.27027 0.000242675
-4.25826 0.000249093
-4.24625 0.000255663
-4.23423 0.000262386
-4.22222 0.000269267
-4.21021 0.000276309
-4.1982 0.000283515
-4.18619 0.000290887
-4.17417 0.00029843
-4.16216 0.000306146
-4.15015 0.000314039
-4.13814 0.000322113
-4.12613 0.00033037
-4.11411 0.000338815
-4.1021 0.000347451
-4.09009 0.000356281
-4.07808 0.000365309
-4.06607 0.000374539
-4.05405 0.000383975
-4.04204 0.00039362
-4.03003 0.000403478
-4.01802 0.000413553
-4.00601 0.00042385
-3.99399 0.000434372
-3.98198 0.000445123
-3.96997 0.000456107
-3.95796 0.000467329
-3.94595 0.000478792
-3.93393 0.000490501
-3.92192 0.000502461
-3.90991 0.000514675
-3.8979 0.000527148
-3.88589 0.000539885
-3.87387 0.000552889
-3.86186 0.000566166
-3.84985 0.00057972
-3.83784 0.000593557
-3.82583 0.000607679
-3.81381 0.000622093
-3.8018 0.000636803
-3.78979 0.000651814
-3.77778 0.000667131
-3.76577 0.000682759
-3.75375 0.000698702
-3.74174 0.000714967
-3.72973 0.000731557
-3.71772 0.000748479
-3.70571 0.000765737
-3.69369 0.000783336
-3.68168 0.000801283
-3.66967 0.000819581
-3.65766 0.000838238
-3.64565 0.000857257
-3.63363 0.000876645
-3.62162 0.000896407
-3.60961 0.000916549
-3.5976 0.000937075
-3.58559 0.000957993
-3.57357 0.000979307
-3.56156 0.00100102
-3.54955 0.00102315
-3.53754 0.00104569
-3.52553 0.00106864
-3.51351 0.00109203
-3.5015 0.00111584
-3.48949 0.00114009
-3.47748 0.00116479
-3.46547 0.00118993
-3.45345 0.00121553
-3.44144 0.0012416
-3.42943 0.00126813
-3.41742 0.00129513
-3.40541 0.00132261
-3.39339 0.00135058
-3.38138 0.00137904
-3.36937 0.001408
-3.35736 0.00143747
-3.34535 0.00146744
-3.33333 0.00149794
-3.32132 0.00152895
-3.30931 0.0015605
-3.2973 0.00159259
-3.28529 0.00162521
-3.27327 0.00165839
-3.26126 0.00169212
-3.24925 0.00172641
-3.23724 0.00176127
-3.22523 0.00179671
-3.21321 0.00183273
-3.2012 0.00186933
-3.18919 0.00190653
-3.17718 0.00194433
-3.16517 0.00198274
-3.15315 0.00202176
-3.14114 0.0020614
-3.12913 0.00210167
-3.11712 0.00214257
-3.10511 0.0021841
-3.09309 0.00222629
-3.08108 0.00226912
-3.06907 0.00231261
-3.05706 0.00235677
-3.04505 0.0024016
-3.03303 0.0024471
-3.02102 0.00249329
-3.00901 0.00254016
-2.997 0.00258773
-2.98498 0.00263601
-2.97297 0.00268499
-2.96096 0.00273468
-2.94895 0.00278509
-2.93694 0.00283623
-2.92492 0.0028881
-2.91291 0.00294071
-2.9009 0.00299406
-2.88889 0.00304816
-2.87688 0.00310301
-2.86486 0.00315862
-2.85285 0.003215
-2.84084 0.00327215
-2.82883 0.00333008
-2.81682 0.00338879
-2.8048 0.00344829
-2.79279 0.00350857
-2.78078 0.00356966
-2.76877 0.00363155
-2.75676 0.00369424
-2.74474 0.00375775
-2.73273 0.00382208
-2.72072 0.00388722
-2.70871 0.0039532
-2.6967 0.00402
-2.68468 0.00408764
-2.67267 0.00415612
-2.66066 0.00422544
-2.64865 0.00429561
-2.63664 0.00436663
-2.62462 0.00443851
-2.61261 0.00451124
-2.6006 0.00458484
-2.58859 0.0046593
-2.57658 0.00473463
-2.56456 0.00481084
-2.55255 0.00488792
-2.54054 0.00496588
-2.52853 0.00504472
-2.51652 0.00512444
-2.5045 0.00520505
-2.49249 0.00528654
-2.48048 0.00536893
-2.46847 0.0054522
-2.45646 0.00553638
-2.44444 0.00562144
-2.43243 0.00570741
-2.42042 0.00579427
-2.40841 0.00588203
-2.3964 0.00597069
-2.38438 0.00606026
-2.37237 0.00615072
-2.36036 0.00624209
-2.34835 0.00633435
-2.33634 0.00642752
-2.32432 0.0065216
-2.31231 0.00661657
-2.3003 0.00671244
-2.28829 0.00680922
-2.27628 0.00690689
-2.26426 0.00700546
-2.25225 0.00710492
-2.24024 0.00720528
-2.22823 0.00730654
-2.21622 0.00740868
-2.2042 0.00751171
-2.19219 0.00761563
-2.18018 0.00772043
-2.16817 0.00782611
-2.15616 0.00793267
-2.14414 0.00804009
-2.13213 0.00814839
-2.12012 0.00825756
-2.10811 0.00836758
-2.0961 0.00847847
-2.08408 0.0085902
-2.07207 0.00870278
-2.06006 0.0088162
-2.04805 0.00893046
-2.03604 0.00904555
-2.02402 0.00916147
-2.01201 0.0092782
-2 0.00939575
-1.98799 0.0095141
-1.97598 0.00963325
-1.96396 0.0097532
-1.95195 0.00987392
-1.93994 0.00999542
-1.92793 0.0101177
-1.91592 0.0102407
-1.9039 0.0103645
-1.89189 0.010489
-1.87988 0.0106143
-1.86787 0.0107403
-1.85586 0.010867
-1.84384 0.0109944
-1.83183 0.0111225
-1.81982 0.0112512
-1.80781 0.0113807
-1.7958 0.0115108
-1.78378 0.0116416
-1.77177 0.011773
-1.75976 0.011905
-1.74775 0.0120377
-1.73574 0.0121709
-1.72372 0.0123048
-1.71171 0.0124392
-1.6997 0.0125742
-1.68769 0.0127097
-1.67568 0.0128458
-1.66366 0.0129824
-1.65165 0.0131195
-1.63964 0.0132571
-1.62763 0.0133952
-1.61562 0.0135337
-1.6036 0.0136727
-1.59159 0.0138122
-1.57958 0.013952
-1.56757 0.0140923
-1.55556 0.0142329
-1.54354 0.014374
-1.53153 0.0145153
-1.51952 0.0146571
-1.50751 0.0147991
-1.4955 0.0149414
-1.48348 0.015084
-1.47147 0.0152269
-1.45946 0.0153701
-1.44745 0.0155134
-1.43544 0.015657
-1.42342 0.0158008
-1.41141 0.0159448
-1.3994 0.0160889
-1.38739 0.0162331
-1.37538 0.0163775
-1.36336 0.0165219
-1.35135 0.0166664
-1.33934 0.016811
-1.32733 0.0169557
-1.31532 0.0171003
-1.3033 0.0172449
-1.29129 0.0173896
-1.27928 0.0175341
-1.26727 0.0176786
-1.25526 0.017823
-1.24324 0.0179673
-1.23123 0.0181115
-1.21922 0.0182555
-1.20721 0.0183993
-1.1952 0.0185429
-1.18318 0.0186864
-1.17117 0.0188295
-1.15916 0.0189724
-1.14715 0.019115
-1.13514 0.0192573
-1.12312 0.0193993
-1.11111 0.0195409
-1.0991 0.0196821
-1.08709 0.019823
-1.07508 0.0199634
-1.06306 0.0201033
-1.05105 0.0202428
-1.03904 0.0203818
-1.02703 0.0205202
-1.01502 0.0206582
-1.003 0.0207955
-0.990991 0.0209323
-0.978979 0.0210684
-0.966967 0.0212039
-0.954955 0.0213388
-0.942943 0.021473
-0.930931 0.0216064
-0.918919 0.0217391
-0.906907 0.0218711
-0.894895 0.0220023
-0.882883 0.0221327
-0.870871 0.0222622
-0.858859 0.022391
-0.846847 0.0225188
-0.834835 0.0226457
-0.822823 0.0227717
-0.810811 0.0228968
-0.798799 0.0230209
-0.786787 0.0231441
-0.774775 0.0232662
-0.762763 0.0233872
-0.750751 0.0235073
-0.738739 0.0236262
-0.726727 0.023744
-0.714715 0.0238607
-0.702703 0.0239763
-0.690691 0.0240907
-0.678679 0.0242039
-0.666667 0.0243158
-0.654655 0.0244266
-0.642643 0.0245361
-0.630631 0.0246443
-0.618619 0.0247512
-0.606607 0.0248568
-0.594595 0.024961
-0.582583 0.0250639
-0.570571 0.0251654
-0.558559 0.0252655
-0.546547 0.0253641
-0.534535 0.0254614
-0.522523 0.0255571
-0.510511 0.0256514
-0.498498 0.0257442
-0.486486 0.0258355
-0.474474 0.0259252
-0.462462 0.0260133
-0.45045 0.0260999
-0.438438 0.0261849
-0.426426 0.0262683
-0.414414 0.0263501
-0.402402 0.0264302
-0.39039 0.0265087
-0.378378 0.0265854
-0.366366 0.0266605
-0.354354 0.0267339
-0.342342 0.0268056
-0.33033 0.0268755
-0.318318 0.0269437
-0.306306 0.0270101
-0.294294 0.0270747
-0.282282 0.0271375
-0.27027 0.0271986
-0.258258 0.0272578
-0.246246 0.0273151
-0.234234 0.0273707
-0.222222 0.0274243
-0.21021 0.0274761
-0.198198 0.027526
-0.186186 0.0275741
-0.174174 0.0276202
-0.162162 0.0276644
-0.15015 0.0277067
-0.138138 0.0277471
-0.126126 0.0277856
-0.114114 0.0278221
-0.102102 0.0278566
-0.0900901 0.0278892
-0.0780781 0.0279198
-0.0660661 0.0279485
-0.0540541 0.0279751
-0.042042 0.0279998
-0.03003 0.0280225
-0.018018 0.0280432
-0.00600601 0.0280619
0.00600601 0.0280786
0.018018 0.0280933
0.03003 0.028106
0.042042 0.0281166
0.0540541 0.0281253
0.0660661 0.0281319
0.0780781 0.0281365
0.0900901 0.0281391
0.102102 0.0281397
0.114114 0.0281382
0.126126 0.0281348
0.138138 0.0281293
0.15015 0.0281218
0.162162 0.0281123
0.174174 0.0281007
0.186186 0.0280872
0.198198 0.0280716
0.21021 0.0280541
0.222222 0.0280345
0.234234 0.028013
0.246246 0.0279894
0.258258 0.0279639
0.27027 0.0279363
0.282282 0.0279069
0.294294 0.0278754
0.306306 0.027842
0.318318 0.0278066
0.33033 0.0277692
0.342342 0.02773
0.354354 0.0276888
0.366366 0.0276456
0.378378 0.0276006
0.39039 0.0275536
0.402402 0.0275048
0.414414 0.0274541
0.426426 0.0274015
0.438438 0.027347
0.45045 0.0272907
0.462462 0.0272325
0.474474 0.0271726
0.486486 0.0271108
0.498498 0.0270472
0.510511 0.0269818
0.522523 0.0269146
0.534535 0.0268457
0.546547 0.0267751
0.558559 0.0267027
0.570571 0.0266286
0.582583 0.0265527
0.594595 0.0264753
0.606607 0.0263961
0.618619 0.0263153
0.630631 0.0262328
0.642643 0.0261488
0.654655 0.0260631
0.666667 0.0259759
0.678679 0.025887
0.690691 0.0257967
0.702703 0.0257048
0.714715 0.0256114
0.726727 0.0255165
0.738739 0.0254201
0.750751 0.0253223
0.762763 0.025223
0.774775 0.0251224
0.786787 0.0250203
0.798799 0.0249169
0.810811 0.0248121
0.822823 0.0247059
0.834835 0.0245985
0.846847 0.0244898
0.858859 0.0243798
0.870871 0.0242685
0.882883 0.0241561
0.894895 0.0240424
0.906907 0.0239276
0.918919 0.0238115
0.930931 0.0236944
0.942943 0.0235761
0.954955 0.0234568
0.966967 0.0233363
0.978979 0.0232148
0.990991 0.0230923
1.003 0.0229688
1.01502 0.0228444
1.02703 0.0227189
1.03904 0.0225925
1.05105 0.0224653
1.06306 0.0223371
1.07508 0.0222081
1.08709 0.0220782
1.0991 0.0219475
1.11111 0.021816
1.12312 0.0216838
1.13514 0.0215508
1.14715 0.0214171
1.15916 0.0212827
1.17117 0.0211476
1.18318 0.0210119
1.1952 0.0208755
1.20721 0.0207386
1.21922 0.020601
1.23123 0.0204629
1.24324 0.0203243
1.25526 0.0201852
1.26727 0.0200455
1.27928 0.0199054
1.29129 0.0197649
1.3033 0.019624
1.31532 0.0194826
1.32733 0.0193409
1.33934 0.0191989
1.35135 0.0190565
1.36336 0.0189138
1.37538 0.0187709
1.38739 0.0186277
1.3994 0.0184842
1.41141 0.0183406
1.42342 0.0181967
1.43544 0.0180527
1.44745 0.0179086
1.45946 0.0177643
1.47147 0.0176199
1.48348 0.0174754
1.4955 0.0173309
1.50751 0.0171864
1.51952 0.0170418
1.53153 0.0168972
1.54354 0.0167527
1.55556 0.0166082
1.56757 0.0164637
1.57958 0.0163194
1.59159 0.0161751
1.6036 0.016031
1.61562 0.015887
1.62763 0.0157432
1.63964 0.0155996
1.65165 0.0154562
1.66366 0.015313
1.67568 0.01517
1.68769 0.0150273
1.6997 0.0148848
1.71171 0.0147427
1.72372 0.0146009
1.73574 0.0144593
1.74775 0.0143182
1.75976 0.0141774
1.77177 0.014037
1.78378 0.0138969
1.7958 0.0137573
1.80781 0.0136181
1.81982 0.0134794
1.83183 0.0133411
1.84384 0.0132032
1.85586 0.0130659
1.86787 0.0129291
1.87988 0.0127928
1.89189 0.012657
1.9039 0.0125217
1.91592 0.012387
1.92793 0.0122529
1.93994 0.0121194
1.95195 0.0119864
1.96396 0.0118541
1.97598 0.0117224
1.98799 0.0115913
2 0.0114609
2.01201 0.0113311
2.02402 0.011202
2.03604 0.0110735
2.04805 0.0109458
2.06006 0.0108187
2.07207 0.0106924
2.08408 0.0105668
2.0961 0.0104419
2.10811 0.0103177
2.12012 0.0101943
2.13213 0.0100716
2.14414 0.0099497
2.15616 0.00982857
2.16817 0.00970822
2.18018 0.00958865
2.19219 0.00946988
2.2042 0.00935191
2.21622 0.00923474
2.22823 0.00911839
2.24024 0.00900286
2.25225 0.00888816
2.26426 0.00877429
2.27628 0.00866125
2.28829 0.00854906
2.3003 0.00843772
2.31231 0.00832723
2.32432 0.0082176
2.33634 0.00810883
2.34835 0.00800092
2.36036 0.00789389
2.37237 0.00778773
2.38438 0.00768245
2.3964 0.00757804
2.40841 0.00747452
2.42042 0.00737189
2.43243 0.00727014
2.44444 0.00716928
2.45646 0.00706932
2.46847 0.00697025
2.48048 0.00687207
2.49249 0.00677479
2.5045 0.00667841
2.51652 0.00658293
2.52853 0.00648835
2.54054 0.00639467
2.55255 0.0063019
2.56456 0.00621002
2.57658 0.00611904
2.58859 0.00602896
2.6006 0.00593979
2.61261 0.00585151
2.62462 0.00576413
2.63664 0.00567765
2.64865 0.00559207
2.66066 0.00550738
2.67267 0.00542358
2.68468 0.00534068
2.6967 0.00525867
2.70871 0.00517754
2.72072 0.00509731
2.73273 0.00501795
2.74474 0.00493948
2.75676 0.00486188
2.76877 0.00478517
2.78078 0.00470932
2.79279 0.00463434
2.8048 0.00456024
2.81682 0.00448699
2.82883 0.00441461
2.84084 0.00434308
2.85285 0.0042724
2.86486 0.00420257
2.87688 0.00413359
2.88889 0.00406545
2.9009 0.00399815
2.91291 0.00393167
2.92492 0.00386603
2.93694 0.00380121
2.94895 0.00373721
2.96096 0.00367402
2.97297 0.00361164
2.98498 0.00355007
2.997 0.0034893
3.00901 0.00342932
3.02102 0.00337013
3.03303 0.00331172
3.04505 0.0032541
3.05706 0.00319725
3.06907 0.00314116
3.08108 0.00308584
3.09309 0.00303128
3.10511 0.00297746
3.11712 0.00292439
3.12913 0.00287207
3.14114 0.00282047
3.15315 0.00276961
3.16517 0.00271947
3.17718 0.00267004
3.18919 0.00262133
3.2012 0.00257331
3.21321 0.002526
3.22523 0.00247938
3.23724 0.00243345
3.24925 0.00238819
3.26126 0.00234361
3.27327 0.0022997
3.28529 0.00225645
3.2973 0.00221385
3.30931 0.0021719
3.32132 0.00213059
3.33333 0.00208992
3.34535 0.00204988
3.35736 0.00201046
3.36937 0.00197166
3.38138 0.00193347
3.39339 0.00189588
3.40541 0.00185889
3.41742 0.0018225
3.42943 0.00178668
3.44144 0.00175145
3.45345 0.00171678
3.46547 0.00168268
3.47748 0.00164914
3.48949 0.00161616
3.5015 0.00158372
3.51351 0.00155182
3.52553 0.00152045
3.53754 0.00148961
3.54955 0.00145929
3.56156 0.00142949
3.57357 0.0014002
3.58559 0.0013714
3.5976 0.00134311
3.60961 0.0013153
3.62162 0.00128797
3.63363 0.00126113
3.64565 0.00123475
3.65766 0.00120884
3.66967 0.00118339
3.68168 0.00115839
3.69369 0.00113384
3.70571 0.00110973
3.71772 0.00108605
3.72973 0.00106281
3.74174 0.00103998
3.75375 0.00101758
3.76577 0.00099558
3.77778 0.000973991
3.78979 0.000952801
3.8018 0.000932006
3.81381 0.000911599
3.82583 0.000891575
3.83784 0.000871929
3.84985 0.000852654
3.86186 0.000833746
3.87387 0.000815199
3.88589 0.000797007
3.8979 0.000779165
3.90991 0.000761669
3.92192 0.000744512
3.93393 0.000727689
3.94595 0.000711195
3.95796 0.000695026
3.96997 0.000679175
3.98198 0.000663639
3.99399 0.000648411
4.00601 0.000633487
4.01802 0.000618863
4.03003 0.000604533
4.04204 0.000590492
4.05405 0.000576737
4.06607 0.000563261
4.07808 0.000550061
4.09009 0.000537132
4.1021 0.000524469
4.11411 0.000512068
4.12613 0.000499924
4.13814 0.000488034
4.15015 0.000476392
4.16216 0.000464994
4.17417 0.000453837
4.18619 0.000442916
4.1982 0.000432226
4.21021 0.000421765
4.22222 0.000411527
4.23423 0.000401509
4.24625 0.000391706
4.25826 0.000382116
4.27027 0.000372734
4.28228 0.000363556
4.29429 0.000354579
4.30631 0.000345799
4.31832 0.000337211
4.33033 0.000328814
4.34234 0.000320603
4.35435 0.000312574
4.36637 0.000304725
4.37838 0.000297052
4.39039 0.000289551
4.4024 0.000282219
4.41441 0.000275053
4.42643 0.00026805
4.43844 0.000261207
4.45045 0.00025452
4.46246 0.000247987
4.47447 0.000241603
4.48649 0.000235368
4.4985 0.000229277
4.51051 0.000223327
4.52252 0.000217517
4.53453 0.000211842
4.54655 0.000206301
4.55856 0.00020089
4.57057 0.000195607
4.58258 0.00019045
4.59459 0.000185415
4.60661 0.0001805
4.61862 0.000175703
4.63063 0.000171022
4.64264 0.000166453
4.65465 0.000161994
4.66667 0.000157644
4.67868 0.0001534
4.69069 0.000149259
4.7027 0.000145219
4.71471 0.000141279
4.72673 0.000137436
4.73874 0.000133688
4.75075 0.000130032
4.76276 0.000126468
4.77477 0.000122993
4.78679 0.000119604
4.7988 0.000116301
4.81081 0.00011308
4.82282 0.000109941
4.83483 0.000106882
4.84685 0.0001039
4.85886 0.000100994
4.87087 9.81624e-05
4.88288 9.54033e-05
4.89489 9.27152e-05
4.90691 9.00964e-05
4.91892 8.75452e-05
4.93093 8.50602e-05
4.94294 8.26399e-05
4.95495 8.02827e-05
4.96697 7.79871e-05
4.97898 7.57517e-05
4.99099 7.35752e-05
5.003 7.14561e-05
5.01502 6.9393e-05
5.02703 6.73847e-05
5.03904 6.54299e-05
5.05105 6.35272e-05
5.06306 6.16754e-05
5.07508 5.98733e-05
5.08709 5.81197e-05
5.0991 5.64135e-05
5.11111 5.47534e-05
5.12312 5.31383e-05
5.13514 5.15673e-05
5.14715 5.0039e-05
5.15916 4.85527e-05
5.17117 4.7107e-05
5.18318 4.57012e-05
5.1952 4.43341e-05
5.20721 4.30049e-05
5.21922 4.17125e-05
5.23123 4.04561e-05
5.24324 3.92347e-05
5.25526 3.80475e-05
5.26727 3.68935e-05
5.27928 3.5772e-05
5.29129 3.46821e-05
5.3033 3.36231e-05
5.31532 3.2594e-05
5.32733 3.15941e-05
5.33934 3.06228e-05
5.35135 2.96791e-05
5.36336 2.87625e-05
5.37538 2.78723e-05
5.38739 2.70076e-05
5.3994 2.61679e-05
5.41141 2.53525e-05
5.42342 2.45607e-05
5.43544 2.3792e-05
5.44745 2.30457e-05
5.45946 2.23212e-05
5.47147 2.16179e-05
5.48348 2.09353e-05
5.4955 2.02728e-05
5.50751 1.96298e-05
5.51952 1.90059e-05
5.53153 1.84005e-05
5.54354 1.78131e-05
5.55556 1.72432e-05
5.56757 1.66904e-05
5.57958 1.61541e-05
5.59159 1.5634e-05
5.6036 1.51295e-05
5.61562 1.46403e-05
5.62763 1.41658e-05
5.63964 1.37058e-05
5.65165 1.32597e-05
5.66366 1.28273e-05
5.67568 1.2408e-05
5.68769 1.20016e-05
5.6997 1.16077e-05
5.71171 1.12259e-05
5.72372 1.08559e-05
5.73574 1.04974e-05
5.74775 1.01499e-05
5.75976 9.81327e-06
5.77177 9.48711e-06
5.78378 9.17114e-06
5.7958 8.86505e-06
5.80781 8.56857e-06
5.81982 8.28142e-06
5.83183 8.00331e-06
5.84384 7.734e-06
5.85586 7.47321e-06
5.86787 7.22069e-06
5.87988 6.97622e-06
5.89189 6.73953e-06
5.9039 6.51042e-06
5.91592 6.28864e-06
5.92793 6.07398e-06
5.93994 5.86623e-06
5.95195 5.66518e-06
5.96396 5.47064e-06
5.97598 5.28239e-06
5.98799 5.10026e-06
6 4.92405e-06
