-6 0
-5.98799 1.63331e-210
-5.97598 4.91607e-210
-5.96396 1.31634e-209
-5.95195 3.47042e-209
-5.93994 9.1292e-209
-5.92793 2.40073e-208
-5.91592 6.31298e-208
-5.9039 1.66006e-207
-5.89189 4.36526e-207
-5.87988 1.14788e-206
-5.86787 3.01846e-206
-5.85586 7.9373e-206
-5.84384 2.08718e-205
-5.83183 5.48842e-205
-5.81982 1.44323e-204
-5.80781 3.7951e-204
-5.7958 9.97953e-204
-5.78378 2.62421e-203
-5.77177 6.90058e-203
-5.75976 1.81457e-202
-5.74775 4.77156e-202
-5.73574 1.25472e-201
-5.72372 3.2994e-201
-5.71171 8.67607e-201
-5.6997 2.28145e-200
-5.68769 5.99926e-200
-5.67568 1.57756e-199
-5.66366 4.14833e-199
-5.65165 1.09084e-198
-5.63964 2.86846e-198
-5.62763 7.54285e-198
-5.61562 1.98346e-197
-5.6036 5.21568e-197
-5.59159 1.37151e-196
-5.57958 3.6065e-196
-5.56757 9.4836e-196
-5.55556 2.49379e-195
-5.54354 6.55765e-195
-5.53153 1.72439e-194
-5.51952 4.53444e-194
-5.50751 1.19237e-193
-5.4955 3.13544e-193
-5.48348 8.24491e-193
-5.47147 2.16807e-192
-5.45946 5.70113e-192
-5.44745 1.49916e-191
-5.43544 3.94218e-191
-5.42342 1.03663e-190
-5.41141 2.72591e-190
-5.3994 7.16801e-190
-5.38739 1.88489e-189
-5.37538 4.95648e-189
-5.36336 1.30335e-188
-5.35135 3.42727e-188
-5.33934 9.01231e-188
-5.32733 2.36987e-187
-5.31532 6.23177e-187
-5.3033 1.6387e-186
-5.29129 4.3091e-186
-5.27928 1.13311e-185
-5.26727 2.97962e-185
-5.25526 7.83518e-185
-5.24324 2.06033e-184
-5.23123 5.41781e-184
-5.21922 1.42466e-183
-5.20721 3.74627e-183
-5.1952 9.85114e-183
-5.18318 2.59044e-182
-5.17117 6.81179e-182
-5.15916 1.79122e-181
-5.14715 4.71017e-181
-5.13514 1.23858e-180
-5.12312 3.25695e-180
-5.11111 8.56444e-180
-5.0991 2.25209e-179
-5.08709 5.92208e-179
-5.07508 1.55726e-178
-5.06306 4.09495e-178
-5.05105 1.0768e-177
-5.03904 2.83155e-177
-5.02703 7.44581e-177
-5.01502 1.95794e-176
-5.003 5.14857e-176
-4.99099 1.35386e-175
-4.97898 3.5601e-175
-4.96697 9.36158e-175
-4.95495 2.46171e-174
-4.94294 6.47328e-174
-4.93093 1.7022e-173
-4.91892 4.4761e-173
-4.90691 1.17703e-172
-4.89489 3.0951e-172
-4.88288 8.13883e-172
-4.87087 2.14018e-171
-4.85886 5.62778e-171
-4.84685 1.47987e-170
-4.83483 3.89146e-170
-4.82282 1.02329e-169
-4.81081 2.69083e-169
-4.7988 7.07578e-169
-4.78679 1.86064e-168
-4.77477 4.89271e-168
-4.76276 1.28658e-167
-4.75075 3.38318e-167
-4.73874 8.89636e-167
-4.72673 2.33937e-166
-4.71471 6.15159e-166
-4.7027 1.61761e-165
-4.69069 4.25366e-165
-4.67868 1.11854e-164
-4.66667 2.94129e-164
-4.65465 7.73437e-164
-4.64264 2.03382e-163
-4.63063 5.3481e-163
-4.61862 1.40633e-162
-4.60661 3.69807e-162
-4.59459 9.72439e-162
-4.58258 2.55711e-161
-4.57057 6.72415e-161
-4.55856 1.76817e-160
-4.54655 4.64957e-160
-4.53453 1.22264e-159
-4.52252 3.21505e-159
-4.51051 8.45425e-159
-4.4985 2.22312e-158
-4.48649 5.84588e-158
-4.47447 1.53723e-157
-4.46246 4.04227e-157
-4.45045 1.06295e-156
-4.43844 2.79512e-156
-4.42643 7.35001e-156
-4.41441 1.93275e-155
-4.4024 5.08233e-155
-4.39039 1.33644e-154
-4.37838 3.51429e-154
-4.36637 9.24114e-154
-4.35435 2.43004e-153
-4.34234 6.38999e-153
-4.33033 1.6803e-152
-4.31832 4.41851e-152
-4.30631 1.16188e-151
-4.29429 3.05528e-151
-4.28228 8.03411e-151
-4.27027 2.11264e-150
-4.25826 5.55537e-150
-4.24625 1.46083e-149
-4.23423 3.84139e-149
-4.22222 1.01013e-148
-4.21021 2.65621e-148
-4.1982 6.98475e-148
-4.18619 1.8367e-147
-4.17417 4.82976e-147
-4.16216 1.27003e-146
-4.15015 3.33965e-146
-4.13814 8.7819e-146
-4.12613 2.30928e-145
-4.11411 6.07244e-145
-4.1021 1.5968e-144
-4.09009 4.19893e-144
-4.07808 1.10414e-143
-4.06607 2.90344e-143
-4.05405 7.63486e-143
-4.04204 2.00765e-142
-4.03003 5.2793e-142
-4.01802 1.38824e-141
-4.00601 3.65049e-141
-3.99399 9.59928e-141
-3.98198 2.52421e-140
-3.96997 6.63764e-140
-3.95796 1.74542e-139
-3.94595 4.58975e-139
-3.93393 1.20691e-138
-3.92192 3.17368e-138
-3.90991 8.34548e-138
-3.8979 2.19452e-137
-3.88589 5.77067e-137
-3.87387 1.51745e-136
-3.86186 3.99026e-136
-3.84985 1.04927e-135
-3.83784 2.75916e-135
-3.82583 7.25544e-135
-3.81381 1.90788e-134
-3.8018 5.01694e-134
-3.78979 1.31925e-133
-3.77778 3.46908e-133
-3.76577 9.12224e-133
-3.75375 2.39877e-132
-3.74174 6.30778e-132
-3.72973 1.65869e-131
-3.71772 4.36166e-131
-3.70571 1.14694e-130
-3.69369 3.01597e-130
-3.68168 7.93075e-130
-3.66967 2.08546e-129
-3.65766 5.4839e-129
-3.64565 1.44204e-128
-3.63363 3.79196e-128
-3.62162 9.9713e-128
-3.60961 2.62204e-127
-3.5976 6.89488e-127
-3.58559 1.81307e-126
-3.57357 4.76762e-126
-3.56156 1.25369e-125
-3.54955 3.29668e-125
-3.53754 8.66891e-125
-3.52553 2.27956e-124
-3.51351 5.99431e-124
-3.5015 1.57626e-123
-3.48949 4.1449e-123
-3.47748 1.08994e-122
-3.46547 2.86609e-122
-3.45345 7.53663e-122
-3.44144 1.98182e-121
-3.42943 5.21137e-121
-3.41742 1.37038e-120
-3.40541 3.60352e-120
-3.39339 9.47577e-120
-3.38138 2.49174e-119
-3.36937 6.55224e-119
-3.35736 1.72297e-118
-3.34535 4.53069e-118
-3.33333 1.19139e-117
-3.32132 3.13285e-117
-3.30931 8.2381e-117
-3.2973 2.16628e-116
-3.28529 5.69642e-116
-3.27327 1.49792e-115
-3.26126 3.93892e-115
-3.24925 1.03577e-114
-3.23724 2.72366e-114
-3.22523 7.16209e-114
-3.21321 1.88333e-113
-3.2012 4.95239e-113
-3.18919 1.30227e-112
-3.17718 3.42444e-112
-3.16517 9.00487e-112
-3.15315 2.36791e-111
-3.14114 6.22662e-111
-3.12913 1.63734e-110
-3.11712 4.30554e-110
-3.10511 1.13218e-109
-3.09309 2.97716e-109
-3.08108 7.82871e-109
-3.06907 2.05863e-108
-3.05706 5.41334e-108
-3.04505 1.42348e-107
-3.03303 3.74318e-107
-3.02102 9.84301e-107
-3.00901 2.5883e-106
-2.997 6.80617e-106
-2.98498 1.78974e-105
-2.97297 4.70628e-105
-2.96096 1.23756e-104
-2.94895 3.25427e-104
-2.93694 8.55737e-104
-2.92492 2.25024e-103
-2.91291 5.91719e-103
-2.9009 1.55598e-102
-2.88889 4.09158e-102
-2.87688 1.07592e-101
-2.86486 2.82921e-101
-2.85285 7.43966e-101
-2.84084 1.95632e-100
-2.82883 5.14432e-100
-2.81682 1.35274e-99
-2.8048 3.55716e-99
-2.79279 9.35386e-99
-2.78078 2.45968e-98
-2.76877 6.46794e-98
-2.75676 1.7008e-97
-2.74474 4.4724e-97
-2.73273 1.17606e-96
-2.72072 3.09254e-96
-2.70871 8.13211e-96
-2.6967 2.13841e-95
-2.68468 5.62313e-95
-2.67267 1.47865e-94
-2.66066 3.88824e-94
-2.64865 1.02245e-93
-2.63664 2.68861e-93
-2.62462 7.06994e-93
-2.61261 1.8591e-92
-2.6006 4.88867e-92
-2.58859 1.28552e-91
-2.57658 3.38038e-91
-2.56456 8.88901e-91
-2.55255 2.33744e-90
-2.54054 6.14651e-90
-2.52853 1.61628e-89
-2.51652 4.25014e-89
-2.5045 1.11761e-88
-2.49249 2.93886e-88
-2.48048 7.72799e-88
-2.46847 2.03214e-87
-2.45646 5.34369e-87
-2.44444 1.40517e-86
-2.43243 3.69502e-86
-2.42042 9.71637e-86
-2.40841 2.555e-85
-2.3964 6.7186e-85
-2.38438 1.76671e-84
-2.37237 4.64573e-84
-2.36036 1.22164e-83
-2.34835 3.2124e-83
-2.33634 8.44727e-83
-2.32432 2.22128e-82
-2.31231 5.84106e-82
-2.3003 1.53596e-81
-2.28829 4.03893e-81
-2.27628 1.06207e-80
-2.26426 2.79281e-80
-2.25225 7.34394e-80
-2.24024 1.93115e-79
-2.22823 5.07813e-79
-2.21622 1.33534e-78
-2.2042 3.51139e-78
-2.19219 9.23351e-78
-2.18018 2.42803e-77
-2.16817 6.38472e-77
-2.15616 1.67892e-76
-2.14414 4.41486e-76
-2.13213 1.16093e-75
-2.12012 3.05275e-75
-2.10811 8.02748e-75
-2.0961 2.1109e-74
-2.08408 5.55079e-74
-2.07207 1.45963e-73
-2.06006 3.83822e-73
-2.04805 1.00929e-72
-2.03604 2.65402e-72
-2.02402 6.97898e-72
-2.01201 1.83518e-71
-2 4.82578e-71
-1.98799 1.26898e-70
-1.97598 3.33689e-70
-1.96396 8.77465e-70
-1.95195 2.30737e-69
-1.93994 6.06743e-69
-1.92793 1.59548e-68
-1.91592 4.19546e-68
-1.9039 1.10323e-67
-1.89189 2.90105e-67
-1.87988 7.62856e-67
-1.86787 2.006e-66
-1.85586 5.27494e-66
-1.84384 1.38709e-65
-1.83183 3.64748e-65
-1.81982 9.59136e-65
-1.80781 2.52213e-64
-1.7958 6.63216e-64
-1.78378 1.74398e-63
-1.77177 4.58596e-63
-1.75976 1.20592e-62
-1.74775 3.17106e-62
-1.73574 8.33859e-62
-1.72372 2.1927e-61
-1.71171 5.76591e-61
-1.6997 1.5162e-60
-1.68769 3.98697e-60
-1.67568 1.04841e-59
-1.66366 2.75688e-59
-1.65165 7.24945e-59
-1.63964 1.90631e-58
-1.62763 5.0128e-58
-1.61562 1.31816e-57
-1.6036 3.46621e-57
-1.59159 9.11471e-57
-1.57958 2.39679e-56
-1.56757 6.30257e-56
-1.55556 1.65732e-55
-1.54354 4.35806e-55
-1.53153 1.14599e-54
-1.51952 3.01348e-54
-1.50751 7.9242e-54
-1.4955 2.08374e-53
-1.48348 5.47937e-53
-1.47147 1.44085e-52
-1.45946 3.78883e-52
-1.44745 9.96307e-52
-1.43544 2.61988e-51
-1.42342 6.88919e-51
-1.41141 1.81157e-50
-1.3994 4.76369e-50
-1.38739 1.25265e-49
-1.37538 3.29396e-49
-1.36336 8.66175e-49
-1.35135 2.27768e-48
-1.33934 5.98937e-48
-1.32733 1.57496e-47
-1.31532 4.14148e-47
-1.3033 1.08904e-46
-1.29129 2.86372e-46
-1.27928 7.53041e-46
-1.26727 1.98019e-45
-1.25526 5.20707e-45
-1.24324 1.36924e-44
-1.23123 3.60055e-44
-1.21922 9.46795e-44
-1.20721 2.48968e-43
-1.1952 6.54683e-43
-1.18318 1.72155e-42
-1.17117 4.52695e-42
-1.15916 1.1904e-41
-1.14715 3.13027e-41
-1.13514 8.23131e-41
-1.12312 2.16449e-40
-1.11111 5.69172e-40
-1.0991 1.49669e-39
-1.08709 3.93567e-39
-1.07508 1.03492e-38
-1.06306 2.72141e-38
-1.05105 7.15618e-38
-1.03904 1.88178e-37
-1.02703 4.9483e-37
-1.01502 1.3012e-36
-1.003 3.42162e-36
-0.990991 8.99744e-36
-0.978979 2.36596e-35
-0.966967 6.22148e-35
-0.954955 1.63599e-34
-0.942943 4.30199e-34
-0.930931 1.13124e-33
-0.918919 2.97471e-33
-0.906907 7.82225e-33
-0.894895 2.05693e-32
-0.882883 5.40887e-32
-0.870871 1.42231e-31
-0.858859 3.74009e-31
-0.846847 9.83488e-31
-0.834835 2.58617e-30
-0.822823 6.80055e-30
-0.810811 1.78826e-29
-0.798799 4.7024e-29
-0.786787 1.23654e-28
-0.774775 3.25158e-28
-0.762763 8.55031e-28
-0.750751 2.24838e-27
-0.738739 5.91231e-27
-0.726727 1.55469e-26
-0.714715 4.0882e-26
-0.702703 1.07503e-25
-0.690691 2.82688e-25
-0.678679 7.43352e-25
-0.666667 1.95471e-24
-0.654655 5.14008e-24
-0.642643 1.35163e-23
-0.630631 3.55422e-23
-0.618619 9.34614e-23
-0.606607 2.45765e-22
-0.594595 6.4626e-22
-0.582583 1.6994e-21
-0.570571 4.46871e-21
-0.558559 1.17509e-20
-0.546547 3.08999e-20
-0.534535 8.1254e-20
-0.522523 2.13664e-19
-0.510511 5.61849e-19
-0.498498 1.47743e-18
-0.486486 3.88503e-18
-0.474474 1.0216e-17
-0.462462 2.6864e-17
-0.45045 7.06411e-17
-0.438438 1.85757e-16
-0.426426 4.88464e-16
-0.414414 1.28446e-15
-0.402402 3.37759e-15
-0.39039 8.88168e-15
-0.378378 2.33551e-14
-0.366366 6.14144e-14
-0.354354 1.61494e-13
-0.342342 4.24664e-13
-0.33033 1.11669e-12
-0.318318 2.93643e-12
-0.306306 7.72161e-12
-0.294294 2.03046e-11
-0.282282 5.33928e-11
-0.27027 1.40401e-10
-0.258258 3.69197e-10
-0.246246 9.70835e-10
-0.234234 2.55289e-09
-0.222222 6.71306e-09
-0.21021 1.76526e-08
-0.198198 4.6419e-08
-0.186186 1.22063e-07
-0.174174 3.20974e-07
-0.162162 8.4403e-07
-0.15015 2.21945e-06
-0.138138 5.83624e-06
-0.126126 1.53469e-05
-0.114114 4.0356e-05
-0.102102 0.00010612
-0.0900901 0.000279051
-0.0780781 0.000733788
-0.0660661 0.00192956
-0.0540541 0.00507394
-0.042042 0.0133424
-0.03003 0.0350849
-0.018018 0.0922589
-0.00600601 0.242603
0.00600601 0.637945
0.018018 0.726525
0.03003 0.705437
0.042042 0.648844
0.0540541 0.584247
0.0660661 0.521481
0.0780781 0.463736
0.0900901 0.411733
0.102102 0.365316
0.114114 0.324038
0.126126 0.287388
0.138138 0.25487
0.15015 0.226026
0.162162 0.200444
0.174174 0.177757
0.186186 0.157638
0.198198 0.139796
0.21021 0.123973
0.222222 0.109941
0.234234 0.097497
0.246246 0.0864617
0.258258 0.0766754
0.27027 0.0679968
0.282282 0.0603005
0.294294 0.0534753
0.306306 0.0474227
0.318318 0.0420551
0.33033 0.037295
0.342342 0.0330738
0.354354 0.0293303
0.366366 0.0260105
0.378378 0.0230665
0.39039 0.0204557
0.402402 0.0181404
0.414414 0.0160871
0.426426 0.0142663
0.438438 0.0126515
0.45045 0.0112196
0.462462 0.00994967
0.474474 0.0088235
0.486486 0.0078248
0.498498 0.00693914
0.510511 0.00615373
0.522523 0.00545721
0.534535 0.00483953
0.546547 0.00429176
0.558559 0.003806
0.570571 0.00337521
0.582583 0.00299318
0.594595 0.0026544
0.606607 0.00235396
0.618619 0.00208752
0.630631 0.00185124
0.642643 0.00164171
0.654655 0.00145589
0.666667 0.0012911
0.678679 0.00114497
0.690691 0.00101537
0.702703 0.000900447
0.714715 0.000798529
0.726727 0.000708147
0.738739 0.000627995
0.750751 0.000556914
0.762763 0.000493879
0.774775 0.000437979
0.786787 0.000388406
0.798799 0.000344444
0.810811 0.000305458
0.822823 0.000270884
0.834835 0.000240224
0.846847 0.000213034
0.858859 0.000188921
0.870871 0.000167538
0.882883 0.000148575
0.894895 0.000131758
0.906907 0.000116845
0.918919 0.00010362
0.930931 9.18916e-05
0.942943 8.14907e-05
0.954955 7.22671e-05
0.966967 6.40875e-05
0.978979 5.68337e-05
0.990991 5.04009e-05
1.003 4.46962e-05
1.01502 3.96372e-05
1.02703 3.51508e-05
1.03904 3.11723e-05
1.05105 2.7644e-05
1.06306 2.45151e-05
1.07508 2.17403e-05
1.08709 1.92796e-05
1.0991 1.70974e-05
1.11111 1.51622e-05
1.12312 1.34461e-05
1.13514 1.19242e-05
1.14715 1.05745e-05
1.15916 9.37763e-06
1.17117 8.31621e-06
1.18318 7.37493e-06
1.1952 6.54019e-06
1.20721 5.79994e-06
1.21922 5.14346e-06
1.23123 4.56129e-06
1.24324 4.04502e-06
1.25526 3.58718e-06
1.26727 3.18116e-06
1.27928 2.8211e-06
1.29129 2.50179e-06
1.3033 2.21862e-06
1.31532 1.9675e-06
1.32733 1.74481e-06
1.33934 1.54732e-06
1.35135 1.37219e-06
1.36336 1.21687e-06
1.37538 1.07914e-06
1.38739 9.56997e-07
1.3994 8.48678e-07
1.41141 7.5262e-07
1.42342 6.67434e-07
1.43544 5.91889e-07
1.44745 5.24896e-07
1.45946 4.65485e-07
1.47147 4.12798e-07
1.48348 3.66075e-07
1.4955 3.24641e-07
1.50751 2.87896e-07
1.51952 2.5531e-07
1.53153 2.26413e-07
1.54354 2.00786e-07
1.55556 1.7806e-07
1.56757 1.57906e-07
1.57958 1.40033e-07
1.59159 1.24183e-07
1.6036 1.10127e-07
1.61562 9.76625e-08
1.62763 8.66085e-08
1.63964 7.68056e-08
1.65165 6.81123e-08
1.66366 6.04029e-08
1.67568 5.35661e-08
1.68769 4.75032e-08
1.6997 4.21265e-08
1.71171 3.73584e-08
1.72372 3.31299e-08
1.73574 2.93801e-08
1.74775 2.60547e-08
1.75976 2.31056e-08
1.77177 2.04904e-08
1.78378 1.81712e-08
1.7958 1.61144e-08
1.80781 1.42905e-08
1.81982 1.2673e-08
1.83183 1.12386e-08
1.84384 9.96656e-09
1.85586 8.83849e-09
1.86787 7.83809e-09
1.87988 6.95093e-09
1.89189 6.16418e-09
1.9039 5.46648e-09
1.91592 4.84775e-09
1.92793 4.29905e-09
1.93994 3.81246e-09
1.95195 3.38094e-09
1.96396 2.99827e-09
1.97598 2.6589e-09
1.98799 2.35795e-09
2 2.09107e-09
2.01201 1.85439e-09
2.02402 1.6445e-09
2.03604 1.45836e-09
2.04805 1.2933e-09
2.06006 1.14691e-09
2.07207 1.0171e-09
2.08408 9.01977e-10
2.0961 7.99885e-10
2.10811 7.09349e-10
2.12012 6.29061e-10
2.13213 5.5786e-10
2.14414 4.94718e-10
2.15616 4.38723e-10
2.16817 3.89065e-10
2.18018 3.45029e-10
2.19219 3.05976e-10
2.2042 2.71344e-10
2.21622 2.40632e-10
2.22823 2.13395e-10
2.24024 1.89242e-10
2.25225 1.67822e-10
2.26426 1.48827e-10
2.27628 1.31982e-10
2.28829 1.17044e-10
2.3003 1.03796e-10
2.31231 9.20476e-11
2.32432 8.16291e-11
2.33634 7.23898e-11
2.34835 6.41963e-11
2.36036 5.69302e-11
2.37237 5.04865e-11
2.38438 4.47721e-11
2.3964 3.97045e-11
2.40841 3.52105e-11
2.42042 3.12252e-11
2.43243 2.76909e-11
2.44444 2.45567e-11
2.45646 2.17772e-11
2.46847 1.93123e-11
2.48048 1.71265e-11
2.49249 1.5188e-11
2.5045 1.34689e-11
2.51652 1.19444e-11
2.52853 1.05925e-11
2.54054 9.39356e-12
2.55255 8.33034e-12
2.56456 7.38746e-12
2.57658 6.5513e-12
2.58859 5.80978e-12
2.6006 5.1522e-12
2.61261 4.56904e-12
2.62462 4.05189e-12
2.63664 3.59327e-12
2.64865 3.18656e-12
2.66066 2.82589e-12
2.67267 2.50604e-12
2.68468 2.22239e-12
2.6967 1.97085e-12
2.70871 1.74777e-12
2.72072 1.54995e-12
2.73273 1.37452e-12
2.74474 1.21894e-12
2.75676 1.08097e-12
2.76877 9.58622e-13
2.78078 8.50119e-13
2.79279 7.53898e-13
2.8048 6.68567e-13
2.81682 5.92894e-13
2.82883 5.25787e-13
2.84084 4.66275e-13
2.85285 4.13499e-13
2.86486 3.66697e-13
2.87688 3.25192e-13
2.88889 2.88385e-13
2.9009 2.55744e-13
2.91291 2.26797e-13
2.92492 2.01127e-13
2.93694 1.78362e-13
2.94895 1.58174e-13
2.96096 1.40271e-13
2.97297 1.24394e-13
2.98498 1.10314e-13
2.997 9.78284e-14
3.00901 8.67556e-14
3.02102 7.6936e-14
3.03303 6.8228e-14
3.04505 6.05055e-14
3.05706 5.36571e-14
3.06907 4.75839e-14
3.08108 4.2198e-14
3.09309 3.74218e-14
3.10511 3.31862e-14
3.11712 2.943e-14
3.12913 2.60989e-14
3.14114 2.31449e-14
3.15315 2.05252e-14
3.16517 1.8202e-14
3.17718 1.61418e-14
3.18919 1.43148e-14
3.2012 1.26945e-14
3.21321 1.12577e-14
3.22523 9.98349e-15
3.23724 8.85349e-15
3.24925 7.8514e-15
3.26126 6.96273e-15
3.27327 6.17465e-15
3.28529 5.47576e-15
3.2973 4.85598e-15
3.30931 4.30635e-15
3.32132 3.81893e-15
3.33333 3.38668e-15
3.34535 3.00336e-15
3.35736 2.66342e-15
3.36937 2.36196e-15
3.38138 2.09462e-15
3.39339 1.85754e-15
3.40541 1.64729e-15
3.41742 1.46084e-15
3.42943 1.29549e-15
3.44144 1.14886e-15
3.45345 1.01883e-15
3.46547 9.03508e-16
3.47748 8.01244e-16
3.48949 7.10554e-16
3.5015 6.30129e-16
3.51351 5.58807e-16
3.52553 4.95558e-16
3.53754 4.39468e-16
3.54955 3.89726e-16
3.56156 3.45615e-16
3.57357 3.06496e-16
3.58559 2.71805e-16
3.5976 2.4104e-16
3.60961 2.13758e-16
3.62162 1.89563e-16
3.63363 1.68107e-16
3.64565 1.4908e-16
3.65766 1.32206e-16
3.66967 1.17242e-16
3.68168 1.03972e-16
3.69369 9.2204e-17
3.70571 8.17677e-17
3.71772 7.25128e-17
3.72973 6.43053e-17
3.74174 5.70269e-17
3.75375 5.05722e-17
3.76577 4.48481e-17
3.77778 3.9772e-17
3.78979 3.52703e-17
3.8018 3.12782e-17
3.81381 2.7738e-17
3.82583 2.45984e-17
3.83784 2.18142e-17
3.84985 1.93451e-17
3.86186 1.71555e-17
3.87387 1.52138e-17
3.88589 1.34918e-17
3.8979 1.19647e-17
3.90991 1.06105e-17
3.92192 9.40951e-18
3.93393 8.34448e-18
3.94595 7.4e-18
3.95796 6.56243e-18
3.96997 5.81965e-18
3.98198 5.16095e-18
3.99399 4.5768e-18
4.00601 4.05877e-18
4.01802 3.59937e-18
4.03003 3.19197e-18
4.04204 2.83069e-18
4.05405 2.51029e-18
4.06607 2.22616e-18
4.07808 1.97419e-18
4.09009 1.75074e-18
4.1021 1.55258e-18
4.11411 1.37685e-18
4.12613 1.22101e-18
4.13814 1.08281e-18
4.15015 9.6025e-19
4.16216 8.51563e-19
4.17417 7.55178e-19
4.18619 6.69702e-19
4.1982 5.93901e-19
4.21021 5.2668e-19
4.22222 4.67067e-19
4.23423 4.14202e-19
4.24625 3.6732e-19
4.25826 3.25744e-19
4.27027 2.88875e-19
4.28228 2.56178e-19
4.29429 2.27182e-19
4.30631 2.01468e-19
4.31832 1.78665e-19
4.33033 1.58443e-19
4.34234 1.40509e-19
4.35435 1.24605e-19
4.36637 1.10502e-19
4.37838 9.79945e-20
4.39039 8.69029e-20
4.4024 7.70667e-20
4.41441 6.83438e-20
4.42643 6.06082e-20
4.43844 5.37482e-20
4.45045 4.76647e-20
4.46246 4.22697e-20
4.47447 3.74854e-20
4.48649 3.32425e-20
4.4985 2.94799e-20
4.51051 2.61432e-20
4.52252 2.31842e-20
4.53453 2.056e-20
4.54655 1.82329e-20
4.55856 1.61692e-20
4.57057 1.43391e-20
4.58258 1.27161e-20
4.59459 1.12768e-20
4.60661 1.00004e-20
4.61862 8.86853e-21
4.63063 7.86474e-21
4.64264 6.97456e-21
4.65465 6.18513e-21
4.66667 5.48506e-21
4.67868 4.86423e-21
4.69069 4.31367e-21
4.7027 3.82542e-21
4.71471 3.39244e-21
4.72673 3.00846e-21
4.73874 2.66794e-21
4.75075 2.36597e-21
4.76276 2.09817e-21
4.77477 1.86069e-21
4.78679 1.65009e-21
4.7988 1.46332e-21
4.81081 1.29769e-21
4.82282 1.15081e-21
4.83483 1.02056e-21
4.84685 9.05043e-22
4.85886 8.02604e-22
4.87087 7.11761e-22
4.88288 6.31199e-22
4.89489 5.59756e-22
4.90691 4.964e-22
4.91892 4.40214e-22
4.93093 3.90388e-22
4.94294 3.46202e-22
4.95495 3.07016e-22
4.96697 2.72266e-22
4.97898 2.4145e-22
4.99099 2.14121e-22
5.003 1.89885e-22
5.01502 1.68393e-22
5.02703 1.49333e-22
5.03904 1.32431e-22
5.05105 1.17441e-22
5.06306 1.04149e-22
5.07508 9.23605e-23
5.08709 8.19066e-23
5.0991 7.26359e-23
5.11111 6.44145e-23
5.12312 5.71237e-23
5.13514 5.06581e-23
5.14715 4.49243e-23
5.15916 3.98395e-23
5.17117 3.53302e-23
5.18318 3.13313e-23
5.1952 2.77851e-23
5.20721 2.46402e-23
5.21922 2.18513e-23
5.23123 1.9378e-23
5.24324 1.71847e-23
5.25526 1.52396e-23
5.26727 1.35147e-23
5.27928 1.1985e-23
5.29129 1.06285e-23
5.3033 9.42549e-24
5.31532 8.35865e-24
5.32733 7.41257e-24
5.33934 6.57357e-24
5.35135 5.82953e-24
5.36336 5.16971e-24
5.37538 4.58457e-24
5.38739 4.06566e-24
5.3994 3.60549e-24
5.41141 3.19739e-24
5.42342 2.83549e-24
5.43544 2.51456e-24
5.44745 2.22994e-24
5.45946 1.97754e-24
5.47147 1.75371e-24
5.48348 1.55522e-24
5.4955 1.37919e-24
5.50751 1.22308e-24
5.51952 1.08465e-24
5.53153 9.61881e-25
5.54354 8.53009e-25
5.55556 7.5646e-25
5.56757 6.7084e-25
5.57958 5.9491e-25
5.59159 5.27574e-25
5.6036 4.6786e-25
5.61562 4.14905e-25
5.62763 3.67944e-25
5.63964 3.26297e-25
5.65165 2.89365e-25
5.66366 2.56613e-25
5.67568 2.27568e-25
5.68769 2.0181e-25
5.6997 1.78968e-25
5.71171 1.58712e-25
5.72372 1.40748e-25
5.73574 1.24817e-25
5.74775 1.10689e-25
5.75976 9.81609e-26
5.77177 8.70505e-26
5.78378 7.71976e-26
5.7958 6.84599e-26
5.80781 6.07112e-26
5.81982 5.38395e-26
5.83183 4.77456e-26
5.84384 4.23414e-26
5.85586 3.75489e-26
5.86787 3.32988e-26
5.87988 2.95294e-26
5.89189 2.6186e-26
5.9039 2.32192e-26
5.91592 2.05835e-26
5.92793 1.82337e-26
5.93994 1.61173e-26
5.95195 1.41547e-26
5.96396 1.21888e-26
5.97598 9.8527e-27
5.98799 6.22223e-27
6 8.75651e-27
