-6 0
-5.98799 2.70805e-128
-5.97598 7.20753e-128
-5.96396 1.64724e-127
-5.95195 3.66204e-127
-5.93994 8.09443e-127
-5.92793 1.78662e-126
-5.91592 3.94135e-126
-5.9039 8.69167e-126
-5.89189 1.91612e-125
-5.87988 4.22283e-125
-5.86787 9.30354e-125
-5.85586 2.04907e-124
-5.84384 4.51157e-124
-5.83183 9.93027e-124
-5.81982 2.18502e-123
-5.80781 4.80632e-123
-5.7958 1.05689e-122
-5.78378 2.32331e-122
-5.77177 5.10556e-122
-5.75976 1.1216e-121
-5.74775 2.46317e-121
-5.73574 5.40764e-121
-5.72372 1.1868e-120
-5.71171 2.60379e-120
-5.6997 5.71072e-120
-5.68769 1.25208e-119
-5.67568 2.74428e-119
-5.66366 6.01284e-119
-5.65165 1.317e-118
-5.63964 2.88368e-118
-5.62763 6.3119e-118
-5.61562 1.38111e-117
-5.6036 3.02097e-117
-5.59159 6.60568e-117
-5.57958 1.44391e-116
-5.56757 3.1551e-116
-5.55556 6.89186e-116
-5.54354 1.50491e-115
-5.53153 3.28498e-115
-5.51952 7.16808e-115
-5.50751 1.56359e-114
-5.4955 3.40948e-114
-5.48348 7.43193e-114
-5.47147 1.61943e-113
-5.45946 3.5275e-113
-5.44745 7.68099e-113
-5.43544 1.67191e-112
-5.42342 3.63791e-112
-5.41141 7.91287e-112
-5.3994 1.72052e-111
-5.38739 3.73961e-111
-5.37538 8.12523e-111
-5.36336 1.76476e-110
-5.35135 3.83156e-110
-5.33934 8.31584e-110
-5.32733 1.80416e-109
-5.31532 3.91276e-109
-5.3033 8.48261e-109
-5.29129 1.83829e-108
-5.27928 3.98229e-108
-5.26727 8.6236e-108
-5.25526 1.86672e-107
-5.24324 4.0393e-107
-5.23123 8.73709e-107
-5.21922 1.88912e-106
-5.20721 4.08307e-106
-5.1952 8.82157e-106
-5.18318 1.90518e-105
-5.17117 4.11299e-105
-5.15916 8.87583e-105
-5.14715 1.91465e-104
-5.13514 4.12857e-104
-5.12312 8.89893e-104
-5.11111 1.91736e-103
-5.0991 4.12949e-103
-5.08709 8.89026e-103
-5.07508 1.91319e-102
-5.06306 4.11554e-102
-5.05105 8.84953e-102
-5.03904 1.90211e-101
-5.02703 4.08672e-101
-5.01502 8.77679e-101
-5.003 1.88416e-100
-4.99099 4.04315e-100
-4.97898 8.67246e-100
-4.96697 1.85944e-99
-4.95495 3.98513e-99
-4.94294 8.53728e-99
-4.93093 1.82816e-98
-4.91892 3.91312e-98
-4.90691 8.37237e-98
-4.89489 1.79056e-97
-4.88288 3.82774e-97
-4.87087 8.17916e-97
-4.85886 1.74698e-96
-4.84685 3.72973e-96
-4.83483 7.95937e-96
-4.82282 1.69781e-95
-4.81081 3.62001e-95
-4.7988 7.71503e-95
-4.78679 1.64351e-94
-4.77477 3.49958e-94
-4.76276 7.44843e-94
-4.75075 1.58459e-93
-4.73874 3.36958e-93
-4.72673 7.16205e-93
-4.71471 1.5216e-92
-4.7027 3.23122e-92
-4.69069 6.85857e-92
-4.67868 1.45512e-91
-4.66667 3.08579e-91
-4.65465 6.54079e-91
-4.64264 1.38577e-90
-4.63063 2.93461e-90
-4.61862 6.21162e-90
-4.60661 1.31418e-89
-4.59459 2.77906e-89
-4.58258 5.874e-89
-4.57057 1.24097e-88
-4.55856 2.62049e-88
-4.54655 5.53086e-88
-4.53453 1.16679e-87
-4.52252 2.46026e-87
-4.51051 5.18509e-87
-4.4985 1.09224e-86
-4.48649 2.29968e-86
-4.47447 4.83951e-86
-4.46246 1.01793e-85
-4.45045 2.14002e-85
-4.43844 4.49677e-85
-4.42643 9.44418e-85
-4.41441 1.98247e-84
-4.4024 4.15939e-84
-4.39039 8.72228e-84
-4.37838 1.82813e-83
-4.36637 3.82967e-83
-4.35435 8.01844e-83
-4.34234 1.678e-82
-4.33033 3.50968e-82
-4.31832 7.33695e-82
-4.30631 1.53297e-81
-4.29429 3.20128e-81
-4.28228 6.6816e-81
-4.27027 1.39382e-80
-4.25826 2.90601e-80
-4.24625 6.05558e-80
-4.23423 1.26118e-79
-4.22222 2.62521e-79
-4.21021 5.4615e-79
-4.1982 1.13559e-78
-4.18619 2.35989e-78
-4.17417 4.9014e-78
-4.16216 1.01744e-77
-4.15015 2.11082e-77
-4.13814 4.37674e-77
-4.12613 9.06995e-77
-4.11411 1.87851e-76
-4.1021 3.88841e-76
-4.09009 8.04421e-76
-4.07808 1.6632e-75
-4.06607 3.4368e-75
-4.05405 7.09759e-75
-4.04204 1.46492e-74
-4.03003 3.02178e-74
-4.01802 6.22953e-74
-4.00601 1.28348e-73
-3.99399 2.64282e-73
-3.98198 5.43856e-73
-3.96997 1.11851e-72
-3.95796 2.29897e-72
-3.94595 4.7224e-72
-3.93393 9.69455e-72
-3.92192 1.98896e-71
-3.90991 4.0781e-71
-3.8979 8.35642e-71
-3.88589 1.71125e-70
-3.87387 3.50214e-70
-3.86186 7.16278e-70
-3.84985 1.46405e-69
-3.83784 2.99057e-69
-3.82583 6.10487e-69
-3.81381 1.24543e-68
-3.8018 2.53912e-68
-3.78979 5.17329e-68
-3.77778 1.05334e-67
-3.76577 2.1433e-67
-3.75375 4.35828e-67
-3.74174 8.85646e-67
-3.72973 1.79853e-66
-3.71772 3.64992e-66
-3.70571 7.40218e-66
-3.69369 1.50018e-65
-3.68168 3.03831e-65
-3.66967 6.1493e-65
-3.65766 1.24372e-64
-3.64565 2.51374e-64
-3.63363 5.07713e-64
-3.62162 1.02474e-63
-3.60961 2.06684e-63
-3.5976 4.16578e-63
-3.58559 8.3903e-63
-3.57357 1.6887e-62
-3.56156 3.39637e-62
-3.54955 6.82603e-62
-3.53754 1.37091e-61
-3.52553 2.75127e-61
-3.51351 5.51751e-61
-3.5015 1.10569e-60
-3.48949 2.21415e-60
-3.47748 4.43054e-60
-3.46547 8.85899e-60
-3.45345 1.77006e-59
-3.44144 3.53398e-59
-3.42943 7.05037e-59
-3.41742 1.4055e-58
-3.40541 2.79973e-58
-3.39339 5.57275e-58
-3.38138 1.10838e-57
-3.36937 2.20276e-57
-3.35736 4.37431e-57
-3.34535 8.67981e-57
-3.33333 1.72095e-56
-3.32132 3.40943e-56
-3.30931 6.74913e-56
-3.2973 1.33495e-55
-3.28529 2.63836e-55
-3.27327 5.21015e-55
-3.26126 1.02804e-54
-3.24925 2.02683e-54
-3.23724 3.99267e-54
-3.22523 7.8587e-54
-3.21321 1.54552e-53
-3.2012 3.03693e-53
-3.18919 5.96251e-53
-3.17718 1.16965e-52
-3.16517 2.2925e-52
-3.15315 4.48944e-52
-3.14114 8.78415e-52
-3.12913 1.71724e-51
-3.11712 3.35414e-51
-3.10511 6.54564e-51
-3.09309 1.27626e-50
-3.08108 2.48622e-50
-3.06907 4.83898e-50
-3.05706 9.40972e-50
-3.04505 1.82813e-49
-3.03303 3.54849e-49
-3.02102 6.88149e-49
-3.00901 1.33328e-48
-2.997 2.58084e-48
-2.98498 4.99108e-48
-2.97297 9.64321e-48
-2.96096 1.8614e-47
-2.94895 3.58961e-47
-2.93694 6.91578e-47
-2.92492 1.33112e-46
-2.91291 2.55963e-46
-2.9009 4.91716e-46
-2.88889 9.43686e-46
-2.87688 1.80932e-45
-2.86486 3.46555e-45
-2.85285 6.63131e-45
-2.84084 1.26763e-44
-2.82883 2.42073e-44
-2.81682 4.6181e-44
-2.8048 8.8011e-44
-2.79279 1.67558e-43
-2.78078 3.18675e-43
-2.76877 6.0545e-43
-2.75676 1.14909e-42
-2.74474 2.1786e-42
-2.73273 4.1261e-42
-2.72072 7.80622e-42
-2.70871 1.47529e-41
-2.6967 2.78513e-41
-2.68468 5.25223e-41
-2.67267 9.89391e-41
-2.66066 1.86173e-40
-2.64865 3.49933e-40
-2.63664 6.57007e-40
-2.62462 1.23217e-39
-2.61261 2.30824e-39
-2.6006 4.31918e-39
-2.58859 8.07281e-39
-2.57658 1.50713e-38
-2.56456 2.81044e-38
-2.55255 5.23473e-38
-2.54054 9.73881e-38
-2.52853 1.8097e-37
-2.51652 3.35885e-37
-2.5045 6.2267e-37
-2.49249 1.15293e-36
-2.48048 2.13218e-36
-2.46847 3.93836e-36
-2.45646 7.26566e-36
-2.44444 1.33875e-35
-2.43243 2.46368e-35
-2.42042 4.52821e-35
-2.40841 8.31233e-35
-2.3964 1.52394e-34
-2.38438 2.79036e-34
-2.37237 5.10264e-34
-2.36036 9.31898e-34
-2.34835 1.69972e-33
-2.33634 3.0961e-33
-2.32432 5.63225e-33
-2.31231 1.02323e-32
-2.3003 1.85644e-32
-2.28829 3.3636e-32
-2.27628 6.08609e-32
-2.26426 1.09972e-31
-2.25225 1.98438e-31
-2.24024 3.57577e-31
-2.22823 6.43439e-31
-2.21622 1.15621e-30
-2.2042 2.07468e-30
-2.19219 3.71747e-30
-2.18018 6.65152e-30
-2.16817 1.18841e-29
-2.15616 2.12023e-29
-2.14414 3.77713e-29
-2.13213 6.71893e-29
-2.12012 1.19342e-28
-2.10811 2.11659e-28
-2.0961 3.74823e-28
-2.08408 6.62759e-28
-2.07207 1.1701e-27
-2.06006 2.06262e-27
-2.04805 3.63029e-27
-2.03604 6.3795e-27
-2.02402 1.1193e-26
-2.01201 1.96074e-26
-2 3.42925e-26
-1.98799 5.98796e-26
-1.97598 1.04389e-25
-1.96396 1.81686e-25
-1.95195 3.157e-25
-1.93994 5.47655e-25
-1.92793 9.4845e-25
-1.91592 1.6398e-24
-1.9039 2.8303e-24
-1.89189 4.87676e-24
-1.87988 8.38848e-24
-1.86787 1.4404e-23
-1.85586 2.46901e-23
-1.84384 4.22473e-23
-1.83183 7.21615e-23
-1.81982 1.23037e-22
-1.80781 2.09403e-22
-1.7958 3.55749e-22
-1.78378 6.03267e-22
-1.77177 1.02112e-21
-1.75976 1.72518e-21
-1.74775 2.90925e-21
-1.73574 4.89676e-21
-1.72372 8.22642e-21
-1.71171 1.37937e-20
-1.6997 2.30841e-20
-1.68769 3.85568e-20
-1.67568 6.42742e-20
-1.66366 1.06934e-19
-1.65165 1.77553e-19
-1.63964 2.94217e-19
-1.62763 4.86553e-19
-1.61562 8.02983e-19
-1.6036 1.32248e-18
-1.59159 2.17357e-18
-1.57958 3.56492e-18
-1.56757 5.83461e-18
-1.55556 9.52911e-18
-1.54354 1.55297e-17
-1.53153 2.52545e-17
-1.51952 4.09797e-17
-1.50751 6.63511e-17
-1.4955 1.07193e-16
-1.48348 1.7279e-16
-1.47147 2.77905e-16
-1.45946 4.45954e-16
-1.44745 7.13991e-16
-1.43544 1.1405e-15
-1.42342 1.81758e-15
-1.41141 2.88984e-15
-1.3994 4.58385e-15
-1.38739 7.25363e-15
-1.37538 1.14509e-14
-1.36336 1.80332e-14
-1.35135 2.83302e-14
-1.33934 4.43977e-14
-1.32733 6.94056e-14
-1.31532 1.08229e-13
-1.3033 1.68345e-13
-1.29129 2.61189e-13
-1.27928 4.04201e-13
-1.26727 6.23906e-13
-1.25526 9.60531e-13
-1.24324 1.4749e-12
-1.23123 2.25874e-12
-1.21922 3.44995e-12
-1.20721 5.2552e-12
-1.1952 7.98341e-12
-1.18318 1.20948e-11
-1.17117 1.82732e-11
-1.15916 2.7531e-11
-1.14715 4.1363e-11
-1.13514 6.19689e-11
-1.12312 9.25761e-11
-1.11111 1.37904e-10
-1.0991 2.0483e-10
-1.08709 3.0335e-10
-1.07508 4.47935e-10
-1.06306 6.59471e-10
-1.05105 9.68002e-10
-1.03904 1.4166e-09
-1.02703 2.06678e-09
-1.01502 3.00614e-09
-1.003 4.35893e-09
-0.990991 6.30082e-09
-0.978979 9.07922e-09
-0.966967 1.30414e-08
-0.954955 1.86728e-08
-0.942943 2.665e-08
-0.930931 3.79117e-08
-0.918919 5.37561e-08
-0.906907 7.59713e-08
-0.894895 1.07011e-07
-0.882883 1.50227e-07
-0.870871 2.10184e-07
-0.858859 2.93072e-07
-0.846847 4.07245e-07
-0.834835 5.63944e-07
-0.822823 7.78219e-07
-0.810811 1.07014e-06
-0.798799 1.46637e-06
-0.786787 2.00214e-06
-0.774775 2.72387e-06
-0.762763 3.69236e-06
-0.750751 4.98697e-06
-0.738739 6.71079e-06
-0.726727 8.99707e-06
-0.714715 1.20174e-05
-0.702703 1.59913e-05
-0.690691 2.11991e-05
-0.678679 2.79959e-05
-0.666667 3.68302e-05
-0.654655 4.82653e-05
-0.642643 6.30051e-05
-0.630631 8.19248e-05
-0.618619 0.000106106
-0.606607 0.000136881
-0.594595 0.000175877
-0.582583 0.000225076
-0.570571 0.000286874
-0.558559 0.000364152
-0.546547 0.000460358
-0.534535 0.000579586
-0.522523 0.000726673
-0.510511 0.000907295
-0.498498 0.00112807
-0.486486 0.00139666
-0.474474 0.00172189
-0.462462 0.00211382
-0.45045 0.00258386
-0.438438 0.00314485
-0.426426 0.00381111
-0.414414 0.00459848
-0.402402 0.00552434
-0.39039 0.00660757
-0.378378 0.00786845
-0.366366 0.00932858
-0.354354 0.0110107
-0.342342 0.0129383
-0.33033 0.0151355
-0.318318 0.0176266
-0.306306 0.0204355
-0.294294 0.0235852
-0.282282 0.0270976
-0.27027 0.0309921
-0.258258 0.0352854
-0.246246 0.0399909
-0.234234 0.0451175
-0.222222 0.050669
-0.21021 0.0566438
-0.198198 0.0630336
-0.186186 0.0698233
-0.174174 0.0769903
-0.162162 0.0845043
-0.15015 0.092327
-0.138138 0.100412
-0.126126 0.108706
-0.114114 0.117148
-0.102102 0.125669
-0.0900901 0.134196
-0.0780781 0.14265
-0.0660661 0.15095
-0.0540541 0.159011
-0.042042 0.166747
-0.03003 0.174074
-0.018018 0.180911
-0.00600601 0.187179
0.00600601 0.192807
0.018018 0.197729
0.03003 0.201888
0.042042 0.205238
0.0540541 0.207742
0.0660661 0.209374
0.0780781 0.210122
0.0900901 0.209982
0.102102 0.208966
0.114114 0.207095
0.126126 0.2044
0.138138 0.200924
0.15015 0.196718
0.162162 0.19184
0.174174 0.186354
0.186186 0.180331
0.198198 0.173845
0.21021 0.166969
0.222222 0.15978
0.234234 0.152354
0.246246 0.144762
0.258258 0.137076
0.27027 0.129363
0.282282 0.121682
0.294294 0.114091
0.306306 0.10664
0.318318 0.0993742
0.33033 0.0923306
0.342342 0.0855417
0.354354 0.0790335
0.366366 0.0728259
0.378378 0.0669338
0.39039 0.0613666
0.402402 0.0561292
0.414414 0.0512225
0.426426 0.0466436
0.438438 0.0423864
0.45045 0.0384423
0.462462 0.0348005
0.474474 0.0314483
0.486486 0.0283721
0.498498 0.0255571
0.510511 0.0229878
0.522523 0.0206488
0.534535 0.0185243
0.546547 0.016599
0.558559 0.0148576
0.570571 0.0132857
0.582583 0.0118692
0.594595 0.0105949
0.606607 0.00945019
0.618619 0.00842334
0.630631 0.00750339
0.642643 0.00668016
0.654655 0.00594426
0.666667 0.00528706
0.678679 0.00470064
0.690691 0.00417779
0.702703 0.00371194
0.714715 0.00329713
0.726727 0.00292798
0.738739 0.00259962
0.750751 0.00230767
0.762763 0.00204819
0.774775 0.00181764
0.786787 0.00161285
0.798799 0.001431
0.810811 0.00126955
0.822823 0.00112624
0.834835 0.000999039
0.846847 0.000886164
0.858859 0.00078601
0.870871 0.000697152
0.882883 0.000618321
0.894895 0.000548391
0.906907 0.00048636
0.918919 0.000431339
0.930931 0.000382538
0.942943 0.000339254
0.954955 0.000300865
0.966967 0.000266819
0.978979 0.000236623
0.990991 0.000209845
1.003 0.000186095
1.01502 0.000165034
1.02703 0.000146355
1.03904 0.000129791
1.05105 0.000115101
1.06306 0.000102073
1.07508 9.05204e-05
1.08709 8.02749e-05
1.0991 7.1189e-05
1.11111 6.31315e-05
1.12312 5.5986e-05
1.13514 4.96492e-05
1.14715 4.40296e-05
1.15916 3.90461e-05
1.17117 3.46266e-05
1.18318 3.07074e-05
1.1952 2.72317e-05
1.20721 2.41495e-05
1.21922 2.14161e-05
1.23123 1.89921e-05
1.24324 1.68425e-05
1.25526 1.49361e-05
1.26727 1.32456e-05
1.27928 1.17463e-05
1.29129 1.04168e-05
1.3033 9.23778e-06
1.31532 8.1922e-06
1.32733 7.26495e-06
1.33934 6.44266e-06
1.35135 5.71344e-06
1.36336 5.06676e-06
1.37538 4.49327e-06
1.38739 3.9847e-06
1.3994 3.53368e-06
1.41141 3.13372e-06
1.42342 2.77903e-06
1.43544 2.46448e-06
1.44745 2.18553e-06
1.45946 1.93816e-06
1.47147 1.71879e-06
1.48348 1.52425e-06
1.4955 1.35172e-06
1.50751 1.19873e-06
1.51952 1.06305e-06
1.53153 9.42725e-07
1.54354 8.36022e-07
1.55556 7.41396e-07
1.56757 6.5748e-07
1.57958 5.83063e-07
1.59159 5.17068e-07
1.6036 4.58543e-07
1.61562 4.06642e-07
1.62763 3.60616e-07
1.63964 3.19799e-07
1.65165 2.83603e-07
1.66366 2.51503e-07
1.67568 2.23036e-07
1.68769 1.97792e-07
1.6997 1.75404e-07
1.71171 1.55551e-07
1.72372 1.37945e-07
1.73574 1.22331e-07
1.74775 1.08485e-07
1.75976 9.62061e-08
1.77177 8.53169e-08
1.78378 7.56602e-08
1.7958 6.70965e-08
1.80781 5.95021e-08
1.81982 5.27673e-08
1.83183 4.67948e-08
1.84384 4.14983e-08
1.85586 3.68013e-08
1.86787 3.26359e-08
1.87988 2.89419e-08
1.89189 2.56661e-08
1.9039 2.27611e-08
1.91592 2.01848e-08
1.92793 1.79002e-08
1.93994 1.58741e-08
1.95195 1.40774e-08
1.96396 1.2484e-08
1.97598 1.1071e-08
1.98799 9.81793e-09
2 8.70668e-09
2.01201 7.7212e-09
2.02402 6.84727e-09
2.03604 6.07225e-09
2.04805 5.38496e-09
2.06006 4.77546e-09
2.07207 4.23494e-09
2.08408 3.75561e-09
2.0961 3.33052e-09
2.10811 2.95355e-09
2.12012 2.61925e-09
2.13213 2.32279e-09
2.14414 2.05988e-09
2.15616 1.82673e-09
2.16817 1.61997e-09
2.18018 1.43661e-09
2.19219 1.27401e-09
2.2042 1.12981e-09
2.21622 1.00193e-09
2.22823 8.88526e-10
2.24024 7.87957e-10
2.25225 6.98771e-10
2.26426 6.1968e-10
2.27628 5.49541e-10
2.28829 4.8734e-10
2.3003 4.3218e-10
2.31231 3.83263e-10
2.32432 3.39883e-10
2.33634 3.01413e-10
2.34835 2.67297e-10
2.36036 2.37043e-10
2.37237 2.10213e-10
2.38438 1.8642e-10
2.3964 1.6532e-10
2.40841 1.46608e-10
2.42042 1.30014e-10
2.43243 1.15298e-10
2.44444 1.02248e-10
2.45646 9.06749e-11
2.46847 8.04118e-11
2.48048 7.13103e-11
2.49249 6.3239e-11
2.5045 5.60812e-11
2.51652 4.97336e-11
2.52853 4.41044e-11
2.54054 3.91124e-11
2.55255 3.46854e-11
2.56456 3.07595e-11
2.57658 2.7278e-11
2.58859 2.41905e-11
2.6006 2.14525e-11
2.61261 1.90243e-11
2.62462 1.68711e-11
2.63664 1.49615e-11
2.64865 1.32681e-11
2.66066 1.17663e-11
2.67267 1.04345e-11
2.68468 9.25347e-12
2.6967 8.20611e-12
2.70871 7.27729e-12
2.72072 6.4536e-12
2.73273 5.72314e-12
2.74474 5.07536e-12
2.75676 4.5009e-12
2.76877 3.99146e-12
2.78078 3.53969e-12
2.79279 3.13904e-12
2.8048 2.78375e-12
2.81682 2.46866e-12
2.82883 2.18925e-12
2.84084 1.94145e-12
2.85285 1.72171e-12
2.86486 1.52684e-12
2.87688 1.35402e-12
2.88889 1.20076e-12
2.9009 1.06485e-12
2.91291 9.44326e-13
2.92492 8.37442e-13
2.93694 7.42655e-13
2.94895 6.58597e-13
2.96096 5.84053e-13
2.97297 5.17946e-13
2.98498 4.59322e-13
2.997 4.07333e-13
3.00901 3.61229e-13
3.02102 3.20342e-13
3.03303 2.84084e-13
3.04505 2.5193e-13
3.05706 2.23415e-13
3.06907 1.98127e-13
3.08108 1.75702e-13
3.09309 1.55815e-13
3.10511 1.38179e-13
3.11712 1.22539e-13
3.12913 1.08669e-13
3.14114 9.63695e-14
3.15315 8.54618e-14
3.16517 7.57887e-14
3.17718 6.72105e-14
3.18919 5.96032e-14
3.2012 5.28569e-14
3.21321 4.68743e-14
3.22523 4.15687e-14
3.23724 3.68637e-14
3.24925 3.26913e-14
3.26126 2.89911e-14
3.27327 2.57097e-14
3.28529 2.27997e-14
3.2973 2.02191e-14
3.30931 1.79306e-14
3.32132 1.59011e-14
3.33333 1.41013e-14
3.34535 1.25052e-14
3.35736 1.10898e-14
3.36937 9.8346e-15
3.38138 8.72146e-15
3.39339 7.73432e-15
3.40541 6.8589e-15
3.41742 6.08257e-15
3.42943 5.3941e-15
3.44144 4.78357e-15
3.45345 4.24213e-15
3.46547 3.76198e-15
3.47748 3.33618e-15
3.48949 2.95857e-15
3.5015 2.6237e-15
3.51351 2.32673e-15
3.52553 2.06338e-15
3.53754 1.82983e-15
3.54955 1.62272e-15
3.56156 1.43905e-15
3.57357 1.27617e-15
3.58559 1.13173e-15
3.5976 1.00363e-15
3.60961 8.90034e-16
3.62162 7.89295e-16
3.63363 6.99958e-16
3.64565 6.20732e-16
3.65766 5.50474e-16
3.66967 4.88168e-16
3.68168 4.32914e-16
3.69369 3.83914e-16
3.70571 3.40461e-16
3.71772 3.01925e-16
3.72973 2.67751e-16
3.74174 2.37446e-16
3.75375 2.1057e-16
3.76577 1.86737e-16
3.77778 1.65601e-16
3.78979 1.46857e-16
3.8018 1.30235e-16
3.81381 1.15494e-16
3.82583 1.02422e-16
3.83784 9.08289e-17
3.84985 8.05484e-17
3.86186 7.14314e-17
3.87387 6.33464e-17
3.88589 5.61764e-17
3.8979 4.9818e-17
3.90991 4.41793e-17
3.92192 3.91788e-17
3.93393 3.47443e-17
3.94595 3.08118e-17
3.95796 2.73243e-17
3.96997 2.42316e-17
3.98198 2.14889e-17
3.99399 1.90567e-17
4.00601 1.68997e-17
4.01802 1.49869e-17
4.03003 1.32906e-17
4.04204 1.17863e-17
4.05405 1.04522e-17
4.06607 9.26919e-18
4.07808 8.22004e-18
4.09009 7.28965e-18
4.1021 6.46456e-18
4.11411 5.73286e-18
4.12613 5.08398e-18
4.13814 4.50855e-18
4.15015 3.99824e-18
4.16216 3.5457e-18
4.17417 3.14437e-18
4.18619 2.78847e-18
4.1982 2.47286e-18
4.21021 2.19296e-18
4.22222 1.94475e-18
4.23423 1.72463e-18
4.24625 1.52943e-18
4.25826 1.35632e-18
4.27027 1.2028e-18
4.28228 1.06666e-18
4.29429 9.4593e-19
4.30631 8.38864e-19
4.31832 7.43916e-19
4.33033 6.59715e-19
4.34234 5.85045e-19
4.35435 5.18826e-19
4.36637 4.60102e-19
4.37838 4.08025e-19
4.39039 3.61842e-19
4.4024 3.20886e-19
4.41441 2.84567e-19
4.42643 2.52358e-19
4.43844 2.23794e-19
4.45045 1.98464e-19
4.46246 1.76001e-19
4.47447 1.5608e-19
4.48649 1.38414e-19
4.4985 1.22747e-19
4.51051 1.08854e-19
4.52252 9.65331e-20
4.53453 8.56069e-20
4.54655 7.59174e-20
4.55856 6.73246e-20
4.57057 5.97044e-20
4.58258 5.29467e-20
4.59459 4.69539e-20
4.60661 4.16393e-20
4.61862 3.69263e-20
4.63063 3.27468e-20
4.64264 2.90403e-20
4.65465 2.57534e-20
4.66667 2.28384e-20
4.67868 2.02534e-20
4.69069 1.7961e-20
4.7027 1.59281e-20
4.71471 1.41253e-20
4.72673 1.25265e-20
4.73874 1.11087e-20
4.75075 9.85131e-21
4.76276 8.73627e-21
4.77477 7.74745e-21
4.78679 6.87055e-21
4.7988 6.0929e-21
4.81081 5.40326e-21
4.82282 4.79169e-21
4.83483 4.24934e-21
4.84685 3.76837e-21
4.85886 3.34184e-21
4.87087 2.96359e-21
4.88288 2.62816e-21
4.89489 2.33069e-21
4.90691 2.06688e-21
4.91892 1.83294e-21
4.93093 1.62548e-21
4.94294 1.4415e-21
4.95495 1.27834e-21
4.96697 1.13365e-21
4.97898 1.00534e-21
4.99099 8.91546e-22
5.003 7.90635e-22
5.01502 7.01146e-22
5.02703 6.21786e-22
5.03904 5.51409e-22
5.05105 4.88997e-22
5.06306 4.33649e-22
5.07508 3.84566e-22
5.08709 3.41039e-22
5.0991 3.02438e-22
5.11111 2.68206e-22
5.12312 2.37849e-22
5.13514 2.10928e-22
5.14715 1.87054e-22
5.15916 1.65882e-22
5.17117 1.47106e-22
5.18318 1.30456e-22
5.1952 1.1569e-22
5.20721 1.02596e-22
5.21922 9.09832e-23
5.23123 8.06851e-23
5.24324 7.15527e-23
5.25526 6.34539e-23
5.26727 5.62718e-23
5.27928 4.99026e-23
5.29129 4.42544e-23
5.3033 3.92454e-23
5.31532 3.48033e-23
5.32733 3.08641e-23
5.33934 2.73707e-23
5.35135 2.42727e-23
5.36336 2.15254e-23
5.37538 1.9089e-23
5.38739 1.69284e-23
5.3994 1.50123e-23
5.41141 1.33131e-23
5.42342 1.18063e-23
5.43544 1.047e-23
5.44745 9.28491e-24
5.45946 8.23399e-24
5.47147 7.30201e-24
5.48348 6.47551e-24
5.4955 5.74257e-24
5.50751 5.09258e-24
5.51952 4.51615e-24
5.53153 4.00497e-24
5.54354 3.55164e-24
5.55556 3.14961e-24
5.56757 2.79309e-24
5.57958 2.47691e-24
5.59159 2.1965e-24
5.6036 1.94783e-24
5.61562 1.72728e-24
5.62763 1.53169e-24
5.63964 1.35821e-24
5.65165 1.20435e-24
5.66366 1.06787e-24
5.67568 9.46816e-25
5.68769 8.39425e-25
5.6997 7.44148e-25
5.71171 6.59606e-25
5.72372 5.84577e-25
5.73574 5.17975e-25
5.74775 4.58837e-25
5.75976 4.06306e-25
5.77177 3.59621e-25
5.78378 3.18106e-25
5.7958 2.81159e-25
5.80781 2.48244e-25
5.81982 2.18883e-25
5.83183 1.92651e-25
5.84384 1.69166e-25
5.85586 1.48086e-25
5.86787 1.29106e-25
5.87988 1.11947e-25
5.89189 9.63615e-26
5.9039 8.21207e-26
5.91592 6.9017e-26
5.92793 5.68593e-26
5.93994 4.54697e-26
5.95195 3.46816e-26
5.96396 2.43373e-26
5.97598 1.42852e-26
5.98799 4.37826e-27
6 8.75651e-27
