-6 0
-5.93994 2.4327e-28
-5.87988 8.58568e-28
-5.81982 2.76534e-27
-5.75976 8.75136e-27
-5.6997 2.73879e-26
-5.63964 8.48094e-26
-5.57958 2.5986e-25
-5.51952 7.87829e-25
-5.45946 2.36324e-24
-5.3994 7.01378e-24
-5.33934 2.05944e-23
-5.27928 5.98254e-23
-5.21922 1.71928e-22
-5.15916 4.88782e-22
-5.0991 1.37461e-21
-5.03904 3.82404e-21
-4.97898 1.05228e-20
-4.91892 2.86413e-20
-4.85886 7.71066e-20
-4.7988 2.05311e-19
-4.73874 5.40684e-19
-4.67868 1.40821e-18
-4.61862 3.62722e-18
-4.55856 9.23948e-18
-4.4985 2.32742e-17
-4.43844 5.79751e-17
-4.37838 1.42802e-16
-4.31832 3.47809e-16
-4.25826 8.37619e-16
-4.1982 1.99452e-15
-4.13814 4.69576e-15
-4.07808 1.09303e-14
-4.01802 2.5154e-14
-3.95796 5.72291e-14
-3.8979 1.28721e-13
-3.83784 2.86215e-13
-3.77778 6.29118e-13
-3.71772 1.36697e-12
-3.65766 2.93602e-12
-3.5976 6.23334e-12
-3.53754 1.30808e-11
-3.47748 2.71322e-11
-3.41742 5.56241e-11
-3.35736 1.12709e-10
-3.2973 2.25713e-10
-3.23724 4.46736e-10
-3.17718 8.73833e-10
-3.11712 1.68919e-09
-3.05706 3.22695e-09
-2.997 6.09196e-09
-2.93694 1.13649e-08
-2.87688 2.0951e-08
-2.81682 3.81652e-08
-2.75676 6.86979e-08
-2.6967 1.22187e-07
-2.63664 2.14734e-07
-2.57658 3.72874e-07
-2.51652 6.39738e-07
-2.45646 1.08445e-06
-2.3964 1.81628e-06
-2.33634 3.00542e-06
-2.27628 4.91332e-06
-2.21622 7.93564e-06
-2.15616 1.26625e-05
-2.0961 1.99609e-05
-2.03604 3.10856e-05
-1.97598 4.78242e-05
-1.91592 7.26843e-05
-1.85586 0.000109127
-1.7958 0.00016185
-1.73574 0.000237128
-1.67568 0.000343189
-1.61562 0.000490637
-1.55556 0.000692881
-1.4955 0.00096655
-1.43544 0.00133184
-1.37538 0.00181276
-1.31532 0.00243716
-1.25526 0.00323654
-1.1952 0.00424547
-1.13514 0.00550069
-1.07508 0.00703969
-1.01502 0.00889881
-0.954955 0.011111
-0.894895 0.0137028
-0.834835 0.0166919
-0.774775 0.0200836
-0.714715 0.0238678
-0.654655 0.028017
-0.594595 0.0324839
-0.534535 0.0372009
-0.474474 0.0420803
-0.414414 0.047016
-0.354354 0.0518866
-0.294294 0.0565602
-0.234234 0.0608997
-0.174174 0.0647696
-0.114114 0.068043
-0.0540541 0.0706082
0.00600601 0.0723755
0.0660661 0.0732821
0.126126 0.0732959
0.186186 0.0724174
0.246246 0.0706797
0.306306 0.0681463
0.366366 0.0649073
0.426426 0.0610741
0.486486 0.056773
0.546547 0.0521385
0.606607 0.0473061
0.666667 0.0424061
0.726727 0.0375582
0.786787 0.032867
0.846847 0.0284189
0.906907 0.0242806
0.966967 0.0204991
1.02703 0.0171021
1.08709 0.0141
1.14715 0.0114885
1.20721 0.00925128
1.26727 0.00736302
1.32733 0.00579226
1.38739 0.00450404
1.44745 0.00346213
1.50751 0.00263087
1.56757 0.00197651
1.62763 0.00146815
1.68769 0.00107832
1.74775 0.000783188
1.80781 0.000562551
1.86787 0.000399645
1.92793 0.000280832
1.98799 0.000195219
2.04805 0.000134261
2.10811 9.13654e-05
2.16817 6.15277e-05
2.22823 4.10087e-05
2.28829 2.70558e-05
2.34835 1.76722e-05
2.40841 1.14298e-05
2.46847 7.32121e-06
2.52853 4.64517e-06
2.58859 2.92001e-06
2.64865 1.81896e-06
2.70871 1.1231e-06
2.76877 6.87505e-07
2.82883 4.17357e-07
2.88889 2.51323e-07
2.94895 1.50168e-07
3.00901 8.90579e-08
3.06907 5.24396e-08
3.12913 3.06679e-08
3.18919 1.78196e-08
3.24925 1.0291e-08
3.30931 5.90917e-09
3.36937 3.37496e-09
3.42943 1.91803e-09
3.48949 1.08506e-09
3.54955 6.1127e-10
3.60961 3.43056e-10
3.66967 1.91872e-10
3.72973 1.06988e-10
3.78979 5.94959e-11
3.84985 3.30077e-11
3.90991 1.82749e-11
3.96997 1.01003e-11
4.03003 5.574e-12
4.09009 3.07226e-12
4.15015 1.69161e-12
4.21021 9.30624e-13
4.27027 5.11622e-13
4.33033 2.81116e-13
4.39039 1.54395e-13
4.45045 8.47682e-14
4.51051 4.65285e-14
4.57057 2.55339e-14
4.63063 1.40104e-14
4.69069 7.68664e-15
4.75075 4.21682e-15
4.81081 2.31317e-15
4.87087 1.26886e-15
4.93093 6.95992e-16
4.99099 3.81756e-16
5.05105 2.09393e-16
5.11111 1.1485e-16
5.17117 6.29942e-17
5.23123 3.45515e-17
5.29129 1.8951e-17
5.35135 1.03943e-17
5.41141 5.70105e-18
5.47147 3.12685e-18
5.53153 1.7149e-18
5.59159 9.40353e-19
5.65165 5.15334e-19
5.71171 2.81864e-19
5.77177 1.5316e-19
5.83183 8.13854e-20
5.89189 3.98614e-20
5.95195 1.31537e-20
