-6 0
-5.93994 9.81517e-07
-5.87988 1.99037e-06
-5.81982 3.05444e-06
-5.75976 4.20271e-06
-5.6997 5.46582e-06
-5.63964 6.87663e-06
-5.57958 8.47085e-06
-5.51952 1.02877e-05
-5.45946 1.23704e-05
-5.3994 1.47671e-05
-5.33934 1.75316e-05
-5.27928 2.07237e-05
-5.21922 2.44108e-05
-5.15916 2.8668e-05
-5.0991 3.35795e-05
-5.03904 3.92397e-05
-4.97898 4.57537e-05
-4.91892 5.32388e-05
-4.85886 6.18258e-05
-4.7988 7.16597e-05
-4.73874 8.29013e-05
-4.67868 9.57286e-05
-4.61862 0.000110338
-4.55856 0.000126944
-4.4985 0.000145786
-4.43844 0.000167121
-4.37838 0.000191234
-4.31832 0.000218432
-4.25826 0.00024905
-4.1982 0.000283449
-4.13814 0.000322021
-4.07808 0.000365186
-4.01802 0.000413393
-3.95796 0.000467125
-3.8979 0.000526895
-3.83784 0.000593246
-3.77778 0.000666756
-3.71772 0.00074803
-3.65766 0.000837707
-3.5976 0.000936452
-3.53754 0.00104496
-3.47748 0.00116395
-3.41742 0.00129416
-3.35736 0.00143637
-3.2973 0.00159133
-3.23724 0.00175986
-3.17718 0.00194274
-3.11712 0.00214078
-3.05706 0.00235477
-2.997 0.00258552
-2.93694 0.00283378
-2.87688 0.0031003
-2.81682 0.00338582
-2.75676 0.00369099
-2.6967 0.00401645
-2.63664 0.00436276
-2.57658 0.00473044
-2.51652 0.0051199
-2.45646 0.00553149
-2.3964 0.00596544
-2.33634 0.00642189
-2.27628 0.00690087
-2.21622 0.00740226
-2.15616 0.00792584
-2.0961 0.00847123
-2.03604 0.00903791
-1.97598 0.00962519
-1.91592 0.0102322
-1.85586 0.0108581
-1.7958 0.0115015
-1.73574 0.0121612
-1.67568 0.0128356
-1.61562 0.0135232
-1.55556 0.014222
-1.4955 0.0149301
-1.43544 0.0156453
-1.37538 0.0163654
-1.31532 0.0170879
-1.25526 0.0178103
-1.1952 0.0185299
-1.13514 0.019244
-1.07508 0.0199497
-1.01502 0.0206443
-0.954955 0.0213246
-0.894895 0.0219879
-0.834835 0.0226312
-0.774775 0.0232514
-0.714715 0.0238458
-0.654655 0.0244116
-0.594595 0.0249459
-0.534535 0.0254461
-0.474474 0.0259099
-0.414414 0.0263347
-0.354354 0.0267185
-0.294294 0.0270593
-0.234234 0.0273552
-0.174174 0.0276048
-0.114114 0.0278067
-0.0540541 0.0279598
0.00600601 0.0280634
0.0660661 0.0281168
0.126126 0.0281197
0.186186 0.0280723
0.246246 0.0279746
0.306306 0.0278273
0.366366 0.0276311
0.426426 0.0273871
0.486486 0.0270966
0.546547 0.0267611
0.606607 0.0263823
0.666667 0.0259623
0.726727 0.0255031
0.786787 0.0250072
0.846847 0.0244769
0.906907 0.0239149
0.966967 0.023324
1.02703 0.0227068
1.08709 0.0220664
1.14715 0.0214056
1.20721 0.0207274
1.26727 0.0200346
1.32733 0.0193304
1.38739 0.0186174
1.44745 0.0178986
1.50751 0.0171768
1.56757 0.0164545
1.62763 0.0157343
1.68769 0.0150187
1.74775 0.01431
1.80781 0.0136103
1.86787 0.0129216
1.92793 0.0122458
1.98799 0.0115845
2.04805 0.0109394
2.10811 0.0103116
2.16817 0.0097025
2.22823 0.00911302
2.28829 0.00854402
2.34835 0.0079962
2.40841 0.00747012
2.46847 0.00696615
2.52853 0.00648456
2.58859 0.00602545
2.64865 0.00558884
2.70871 0.00517458
2.76877 0.00478245
2.82883 0.00441214
2.88889 0.00406321
2.94895 0.00373519
3.00901 0.0034275
3.06907 0.00313954
3.12913 0.00287062
3.18919 0.00262005
3.24925 0.00238707
3.30931 0.00217092
3.36937 0.00197081
3.42943 0.00178595
3.48949 0.00161554
3.54955 0.00145877
3.60961 0.00131487
3.66967 0.00118304
3.72973 0.00106252
3.78979 0.000952581
3.84985 0.000852489
3.90991 0.000761551
3.96997 0.000679099
4.03003 0.000604491
4.09009 0.000537119
4.15015 0.000476402
4.21021 0.000421794
4.27027 0.000372777
4.33033 0.000328866
4.39039 0.000289608
4.45045 0.000254579
4.51051 0.000223383
4.57057 0.000195657
4.63063 0.00017106
4.69069 0.000149283
4.75075 0.000130037
4.81081 0.00011306
4.87087 9.81118e-05
4.93093 8.49727e-05
4.99099 7.34428e-05
5.05105 6.33409e-05
5.11111 5.45024e-05
5.17117 4.67786e-05
5.23123 4.00349e-05
5.29129 3.41499e-05
5.35135 2.90142e-05
5.41141 2.45289e-05
5.47147 2.0605e-05
5.53153 1.71617e-05
5.59159 1.4126e-05
5.65165 1.14311e-05
5.71171 9.01612e-06
5.77177 6.82464e-06
5.83183 4.80408e-06
5.89189 2.90479e-06
5.95195 1.07922e-06
