-6 0
-5.98799 0
-5.97598 0
-5.96396 0
-5.95195 0
-5.93994 0
-5.92793 0
-5.91592 0
-5.9039 0
-5.89189 0
-5.87988 0
-5.86787 0
-5.85586 0
-5.84384 0
-5.83183 0
-5.81982 0
-5.80781 0
-5.7958 0
-5.78378 0
-5.77177 0
-5.75976 0
-5.74775 0
-5.73574 0
-5.72372 0
-5.71171 0
-5.6997 0
-5.68769 0
-5.67568 0
-5.66366 0
-5.65165 0
-5.63964 0
-5.62763 0
-5.61562 0
-5.6036 0
-5.59159 0
-5.57958 0
-5.56757 0
-5.55556 0
-5.54354 0
-5.53153 0
-5.51952 0
-5.50751 0
-5.4955 0
-5.48348 0
-5.47147 0
-5.45946 0
-5.44745 0
-5.43544 0
-5.42342 0
-5.41141 0
-5.3994 0
-5.38739 0
-5.37538 0
-5.36336 0
-5.35135 0
-5.33934 0
-5.32733 0
-5.31532 0
-5.3033 0
-5.29129 0
-5.27928 0
-5.26727 0
-5.25526 0
-5.24324 0
-5.23123 0
-5.21922 0
-5.20721 0
-5.1952 0
-5.18318 0
-5.17117 0
-5.15916 0
-5.14715 0
-5.13514 0
-5.12312 0
-5.11111 0
-5.0991 0
-5.08709 0
-5.07508 0
-5.06306 0
-5.05105 0
-5.03904 0
-5.02703 0
-5.01502 0
-5.003 0
-4.99099 0
-4.97898 0
-4.96697 0
-4.95495 0
-4.94294 0
-4.93093 0
-4.91892 0
-4.90691 0
-4.89489 0
-4.88288 0
-4.87087 0
-4.85886 0
-4.84685 0
-4.83483 0
-4.82282 0
-4.81081 0
-4.7988 0
-4.78679 0
-4.77477 0
-4.76276 0
-4.75075 0
-4.73874 0
-4.72673 0
-4.71471 0
-4.7027 0
-4.69069 0
-4.67868 0
-4.66667 0
-4.65465 0
-4.64264 0
-4.63063 0
-4.61862 0
-4.60661 0
-4.59459 0
-4.58258 0
-4.57057 0
-4.55856 0
-4.54655 0
-4.53453 0
-4.52252 0
-4.51051 0
-4.4985 0
-4.48649 0
-4.47447 0
-4.46246 0
-4.45045 0
-4.43844 0
-4.42643 0
-4.41441 0
-4.4024 0
-4.39039 0
-4.37838 0
-4.36637 0
-4.35435 0
-4.34234 0
-4.33033 0
-4.31832 0
-4.30631 0
-4.29429 0
-4.28228 0
-4.27027 0
-4.25826 0
-4.24625 0
-4.23423 0
-4.22222 0
-4.21021 0
-4.1982 0
-4.18619 0
-4.17417 0
-4.16216 0
-4.15015 0
-4.13814 0
-4.12613 0
-4.11411 0
-4.1021 0
-4.09009 0
-4.07808 0
-4.06607 0
-4.05405 0
-4.04204 0
-4.03003 0
-4.01802 0
-4.00601 0
-3.99399 0
-3.98198 0
-3.96997 0
-3.95796 0
-3.94595 0
-3.93393 0
-3.92192 0
-3.90991 0
-3.8979 0
-3.88589 0
-3.87387 0
-3.86186 0
-3.84985 0
-3.83784 0
-3.82583 0
-3.81381 0
-3.8018 0
-3.78979 0
-3.77778 0
-3.76577 0
-3.75375 0
-3.74174 0
-3.72973 0
-3.71772 0
-3.70571 0
-3.69369 0
-3.68168 0
-3.66967 0
-3.65766 0
-3.64565 0
-3.63363 0
-3.62162 0
-3.60961 0
-3.5976 0
-3.58559 0
-3.57357 0
-3.56156 0
-3.54955 0
-3.53754 0
-3.52553 0
-3.51351 0
-3.5015 0
-3.48949 0
-3.47748 0
-3.46547 0
-3.45345 0
-3.44144 0
-3.42943 0
-3.41742 0
-3.40541 0
-3.39339 0
-3.38138 0
-3.36937 0
-3.35736 0
-3.34535 0
-3.33333 0
-3.32132 0
-3.30931 0
-3.2973 0
-3.28529 0
-3.27327 0
-3.26126 0
-3.24925 0
-3.23724 0
-3.22523 0
-3.21321 0
-3.2012 0
-3.18919 0
-3.17718 0
-3.16517 0
-3.15315 0
-3.14114 0
-3.12913 0
-3.11712 0
-3.10511 0
-3.09309 0
-3.08108 0
-3.06907 0
-3.05706 0
-3.04505 0
-3.03303 0
-3.02102 0
-3.00901 0
-2.997 0
-2.98498 0
-2.97297 0
-2.96096 0
-2.94895 0
-2.93694 0
-2.92492 0
-2.91291 0
-2.9009 0
-2.88889 0
-2.87688 0
-2.86486 0
-2.85285 0
-2.84084 0
-2.82883 0
-2.81682 0
-2.8048 0
-2.79279 0
-2.78078 0
-2.76877 0
-2.75676 0
-2.74474 0
-2.73273 0
-2.72072 0
-2.70871 0
-2.6967 0
-2.68468 0
-2.67267 0
-2.66066 0
-2.64865 0
-2.63664 0
-2.62462 0
-2.61261 0
-2.6006 0
-2.58859 0
-2.57658 0
-2.56456 0
-2.55255 0
-2.54054 0
-2.52853 0
-2.51652 0
-2.5045 0
-2.49249 0
-2.48048 0
-2.46847 0
-2.45646 0
-2.44444 0
-2.43243 0
-2.42042 0
-2.40841 0
-2.3964 0
-2.38438 0
-2.37237 0
-2.36036 0
-2.34835 0
-2.33634 0
-2.32432 0
-2.31231 0
-2.3003 0
-2.28829 0
-2.27628 0
-2.26426 0
-2.25225 0
-2.24024 0
-2.22823 0
-2.21622 0
-2.2042 0
-2.19219 0
-2.18018 0
-2.16817 0
-2.15616 0
-2.14414 0
-2.13213 0
-2.12012 0
-2.10811 0
-2.0961 0
-2.08408 0
-2.07207 0
-2.06006 0
-2.04805 0
-2.03604 0
-2.02402 0
-2.01201 0
-2 0
-1.98799 0
-1.97598 0
-1.96396 0
-1.95195 0
-1.93994 0
-1.92793 0
-1.91592 0
-1.9039 0
-1.89189 0
-1.87988 0
-1.86787 0
-1.85586 0
-1.84384 0
-1.83183 0
-1.81982 0
-1.80781 0
-1.7958 0
-1.78378 0
-1.77177 0
-1.75976 0
-1.74775 0
-1.73574 0
-1.72372 0
-1.71171 0
-1.6997 0
-1.68769 0
-1.67568 0
-1.66366 0
-1.65165 0
-1.63964 0
-1.62763 0
-1.61562 0
-1.6036 0
-1.59159 0
-1.57958 0
-1.56757 0
-1.55556 0
-1.54354 0
-1.53153 0
-1.51952 0
-1.50751 0
-1.4955 0
-1.48348 0
-1.47147 0
-1.45946 0
-1.44745 0
-1.43544 0
-1.42342 0
-1.41141 0
-1.3994 0
-1.38739 0
-1.37538 0
-1.36336 0
-1.35135 0
-1.33934 0
-1.32733 0
-1.31532 0
-1.3033 0
-1.29129 0
-1.27928 0
-1.26727 0
-1.25526 0
-1.24324 0
-1.23123 0
-1.21922 0
-1.20721 0
-1.1952 0
-1.18318 0
-1.17117 0
-1.15916 0
-1.14715 0
-1.13514 0
-1.12312 0
-1.11111 0
-1.0991 0
-1.08709 0
-1.07508 0
-1.06306 0
-1.05105 0
-1.03904 0
-1.02703 0
-1.01502 0
-1.003 0
-0.990991 0
-0.978979 0
-0.966967 0
-0.954955 0
-0.942943 0
-0.930931 0
-0.918919 0
-0.906907 0
-0.894895 0
-0.882883 0
-0.870871 0
-0.858859 0
-0.846847 0
-0.834835 0
-0.822823 0
-0.810811 0
-0.798799 0
-0.786787 0
-0.774775 0
-0.762763 0
-0.750751 0
-0.738739 0
-0.726727 0
-0.714715 0
-0.702703 0
-0.690691 0
-0.678679 0
-0.666667 0
-0.654655 0
-0.642643 0
-0.630631 0
-0.618619 0
-0.606607 0
-0.594595 0
-0.582583 0
-0.570571 0
-0.558559 0
-0.546547 0
-0.534535 0
-0.522523 0
-0.510511 0
-0.498498 0
-0.486486 0
-0.474474 0
-0.462462 0
-0.45045 0
-0.438438 0
-0.426426 0
-0.414414 0
-0.402402 0
-0.39039 0
-0.378378 0
-0.366366 0
-0.354354 0
-0.342342 0
-0.33033 0
-0.318318 0
-0.306306 0
-0.294294 0
-0.282282 0
-0.27027 0
-0.258258 0
-0.246246 0
-0.234234 0
-0.222222 0
-0.21021 0
-0.198198 0
-0.186186 0
-0.174174 0
-0.162162 0
-0.15015 0
-0.138138 0
-0.126126 0
-0.114114 0
-0.102102 0
-0.0900901 0
-0.0780781 0
-0.0660661 0
-0.0540541 0
-0.042042 0
-0.03003 0
-0.018018 0
-0.00600601 0.0652663
0.00600601 0.869054
0.018018 0.835956
0.03003 0.741337
0.042042 0.657428
0.0540541 0.583016
0.0660661 0.517027
0.0780781 0.458507
0.0900901 0.40661
0.102102 0.360588
0.114114 0.319774
0.126126 0.28358
0.138138 0.251483
0.15015 0.223018
0.162162 0.197776
0.174174 0.17539
0.186186 0.155539
0.198198 0.137934
0.21021 0.122322
0.222222 0.108477
0.234234 0.0961985
0.246246 0.0853102
0.258258 0.0756542
0.27027 0.0670912
0.282282 0.0594974
0.294294 0.0527632
0.306306 0.0467911
0.318318 0.041495
0.33033 0.0367983
0.342342 0.0326333
0.354354 0.0289396
0.366366 0.0256641
0.378378 0.0227593
0.39039 0.0201832
0.402402 0.0178988
0.414414 0.0158729
0.426426 0.0140763
0.438438 0.012483
0.45045 0.0110701
0.462462 0.00981716
0.474474 0.00870599
0.486486 0.00772059
0.498498 0.00684673
0.510511 0.00607177
0.522523 0.00538453
0.534535 0.00477508
0.546547 0.00423461
0.558559 0.00375531
0.570571 0.00333026
0.582583 0.00295332
0.594595 0.00261905
0.606607 0.00232261
0.618619 0.00205972
0.630631 0.00182659
0.642643 0.00161984
0.654655 0.0014365
0.666667 0.00127391
0.678679 0.00112972
0.690691 0.00100185
0.702703 0.000888455
0.714715 0.000787894
0.726727 0.000698716
0.738739 0.000619631
0.750751 0.000549497
0.762763 0.000487302
0.774775 0.000432146
0.786787 0.000383233
0.798799 0.000339856
0.810811 0.000301389
0.822823 0.000267276
0.834835 0.000237024
0.846847 0.000210196
0.858859 0.000186405
0.870871 0.000165307
0.882883 0.000146596
0.894895 0.000130004
0.906907 0.000115289
0.918919 0.00010224
0.930931 9.06678e-05
0.942943 8.04054e-05
0.954955 7.13047e-05
0.966967 6.3234e-05
0.978979 5.60768e-05
0.990991 4.97297e-05
1.003 4.41009e-05
1.01502 3.91093e-05
1.02703 3.46827e-05
1.03904 3.07571e-05
1.05105 2.72758e-05
1.06306 2.41886e-05
1.07508 2.14508e-05
1.08709 1.90228e-05
1.0991 1.68697e-05
1.11111 1.49603e-05
1.12312 1.3267e-05
1.13514 1.17654e-05
1.14715 1.04337e-05
1.15916 9.25274e-06
1.17117 8.20546e-06
1.18318 7.27671e-06
1.1952 6.45309e-06
1.20721 5.72269e-06
1.21922 5.07496e-06
1.23123 4.50055e-06
1.24324 3.99115e-06
1.25526 3.53941e-06
1.26727 3.13879e-06
1.27928 2.78353e-06
1.29129 2.46847e-06
1.3033 2.18907e-06
1.31532 1.9413e-06
1.32733 1.72157e-06
1.33934 1.52671e-06
1.35135 1.35391e-06
1.36336 1.20067e-06
1.37538 1.06477e-06
1.38739 9.44252e-07
1.3994 8.37375e-07
1.41141 7.42596e-07
1.42342 6.58545e-07
1.43544 5.84007e-07
1.44745 5.17905e-07
1.45946 4.59285e-07
1.47147 4.07301e-07
1.48348 3.612e-07
1.4955 3.20317e-07
1.50751 2.84062e-07
1.51952 2.5191e-07
1.53153 2.23397e-07
1.54354 1.98112e-07
1.55556 1.75688e-07
1.56757 1.55803e-07
1.57958 1.38168e-07
1.59159 1.22529e-07
1.6036 1.08661e-07
1.61562 9.63619e-08
1.62763 8.5455e-08
1.63964 7.57827e-08
1.65165 6.72052e-08
1.66366 5.95985e-08
1.67568 5.28528e-08
1.68769 4.68706e-08
1.6997 4.15655e-08
1.71171 3.68608e-08
1.72372 3.26887e-08
1.73574 2.89888e-08
1.74775 2.57077e-08
1.75976 2.27979e-08
1.77177 2.02175e-08
1.78378 1.79292e-08
1.7958 1.58998e-08
1.80781 1.41002e-08
1.81982 1.25042e-08
1.83183 1.10889e-08
1.84384 9.83383e-09
1.85586 8.72077e-09
1.86787 7.7337e-09
1.87988 6.85836e-09
1.89189 6.08209e-09
1.9039 5.39368e-09
1.91592 4.78319e-09
1.92793 4.2418e-09
1.93994 3.76169e-09
1.95195 3.33592e-09
1.96396 2.95834e-09
1.97598 2.62349e-09
1.98799 2.32655e-09
2 2.06322e-09
2.01201 1.82969e-09
2.02402 1.62259e-09
2.03604 1.43894e-09
2.04805 1.27607e-09
2.06006 1.13164e-09
2.07207 1.00355e-09
2.08408 8.89964e-10
2.0961 7.89232e-10
2.10811 6.99902e-10
2.12012 6.20683e-10
2.13213 5.5043e-10
2.14414 4.88129e-10
2.15616 4.3288e-10
2.16817 3.83884e-10
2.18018 3.40434e-10
2.19219 3.01901e-10
2.2042 2.6773e-10
2.21622 2.37427e-10
2.22823 2.10553e-10
2.24024 1.86722e-10
2.25225 1.65587e-10
2.26426 1.46845e-10
2.27628 1.30224e-10
2.28829 1.15485e-10
2.3003 1.02414e-10
2.31231 9.08217e-11
2.32432 8.0542e-11
2.33634 7.14258e-11
2.34835 6.33413e-11
2.36036 5.6172e-11
2.37237 4.98141e-11
2.38438 4.41758e-11
2.3964 3.91757e-11
2.40841 3.47416e-11
2.42042 3.08093e-11
2.43243 2.73221e-11
2.44444 2.42297e-11
2.45646 2.14872e-11
2.46847 1.90551e-11
2.48048 1.68984e-11
2.49249 1.49857e-11
2.5045 1.32895e-11
2.51652 1.17853e-11
2.52853 1.04514e-11
2.54054 9.26845e-12
2.55255 8.21939e-12
2.56456 7.28907e-12
2.57658 6.46405e-12
2.58859 5.73241e-12
2.6006 5.08358e-12
2.61261 4.50819e-12
2.62462 3.99793e-12
2.63664 3.54542e-12
2.64865 3.14412e-12
2.66066 2.78825e-12
2.67267 2.47266e-12
2.68468 2.19279e-12
2.6967 1.9446e-12
2.70871 1.7245e-12
2.72072 1.52931e-12
2.73273 1.35621e-12
2.74474 1.20271e-12
2.75676 1.06658e-12
2.76877 9.45855e-13
2.78078 8.38797e-13
2.79279 7.43857e-13
2.8048 6.59663e-13
2.81682 5.84998e-13
2.82883 5.18785e-13
2.84084 4.60065e-13
2.85285 4.07992e-13
2.86486 3.61813e-13
2.87688 3.20861e-13
2.88889 2.84544e-13
2.9009 2.52338e-13
2.91291 2.23777e-13
2.92492 1.98448e-13
2.93694 1.75987e-13
2.94895 1.56067e-13
2.96096 1.38403e-13
2.97297 1.22737e-13
2.98498 1.08845e-13
2.997 9.65255e-14
3.00901 8.56001e-14
3.02102 7.59114e-14
3.03303 6.73193e-14
3.04505 5.96997e-14
3.05706 5.29425e-14
3.06907 4.69502e-14
3.08108 4.1636e-14
3.09309 3.69234e-14
3.10511 3.27442e-14
3.11712 2.9038e-14
3.12913 2.57513e-14
3.14114 2.28366e-14
3.15315 2.02518e-14
3.16517 1.79596e-14
3.17718 1.59268e-14
3.18919 1.41241e-14
3.2012 1.25255e-14
3.21321 1.11078e-14
3.22523 9.85053e-15
3.23724 8.73558e-15
3.24925 7.74684e-15
3.26126 6.87e-15
3.27327 6.09241e-15
3.28529 5.40284e-15
3.2973 4.79131e-15
3.30931 4.249e-15
3.32132 3.76807e-15
3.33333 3.34158e-15
3.34535 2.96336e-15
3.35736 2.62795e-15
3.36937 2.3305e-15
3.38138 2.06672e-15
3.39339 1.8328e-15
3.40541 1.62535e-15
3.41742 1.44138e-15
3.42943 1.27824e-15
3.44144 1.13356e-15
3.45345 1.00526e-15
3.46547 8.91475e-16
3.47748 7.90573e-16
3.48949 7.01091e-16
3.5015 6.21737e-16
3.51351 5.51365e-16
3.52553 4.88958e-16
3.53754 4.33615e-16
3.54955 3.84536e-16
3.56156 3.41012e-16
3.57357 3.02414e-16
3.58559 2.68185e-16
3.5976 2.3783e-16
3.60961 2.10911e-16
3.62162 1.87039e-16
3.63363 1.65869e-16
3.64565 1.47095e-16
3.65766 1.30446e-16
3.66967 1.15681e-16
3.68168 1.02587e-16
3.69369 9.0976e-17
3.70571 8.06788e-17
3.71772 7.1547e-17
3.72973 6.34489e-17
3.74174 5.62674e-17
3.75375 4.98987e-17
3.76577 4.42509e-17
3.77778 3.92423e-17
3.78979 3.48006e-17
3.8018 3.08617e-17
3.81381 2.73685e-17
3.82583 2.42708e-17
3.83784 2.15237e-17
3.84985 1.90875e-17
3.86186 1.69271e-17
3.87387 1.50112e-17
3.88589 1.33121e-17
3.8979 1.18054e-17
3.90991 1.04692e-17
3.92192 9.28419e-18
3.93393 8.23335e-18
3.94595 7.30145e-18
3.95796 6.47503e-18
3.96997 5.74214e-18
3.98198 5.09221e-18
3.99399 4.51585e-18
4.00601 4.00471e-18
4.01802 3.55144e-18
4.03003 3.14946e-18
4.04204 2.79299e-18
4.05405 2.47686e-18
4.06607 2.19651e-18
4.07808 1.9479e-18
4.09009 1.72742e-18
4.1021 1.5319e-18
4.11411 1.35851e-18
4.12613 1.20475e-18
4.13814 1.06839e-18
4.15015 9.47461e-19
4.16216 8.40222e-19
4.17417 7.4512e-19
4.18619 6.60783e-19
4.1982 5.85992e-19
4.21021 5.19666e-19
4.22222 4.60847e-19
4.23423 4.08685e-19
4.24625 3.62428e-19
4.25826 3.21406e-19
4.27027 2.85027e-19
4.28228 2.52766e-19
4.29429 2.24157e-19
4.30631 1.98785e-19
4.31832 1.76285e-19
4.33033 1.56332e-19
4.34234 1.38638e-19
4.35435 1.22946e-19
4.36637 1.0903e-19
4.37838 9.66894e-20
4.39039 8.57455e-20
4.4024 7.60403e-20
4.41441 6.74336e-20
4.42643 5.98011e-20
4.43844 5.30324e-20
4.45045 4.70299e-20
4.46246 4.17068e-20
4.47447 3.69861e-20
4.48649 3.27998e-20
4.4985 2.90873e-20
4.51051 2.5795e-20
4.52252 2.28754e-20
4.53453 2.02862e-20
4.54655 1.79901e-20
4.55856 1.59539e-20
4.57057 1.41481e-20
4.58258 1.25468e-20
4.59459 1.11266e-20
4.60661 9.86725e-21
4.61862 8.75042e-21
4.63063 7.75999e-21
4.64264 6.88167e-21
4.65465 6.10276e-21
4.66667 5.41201e-21
4.67868 4.79945e-21
4.69069 4.25622e-21
4.7027 3.77447e-21
4.71471 3.34725e-21
4.72673 2.96839e-21
4.73874 2.63241e-21
4.75075 2.33446e-21
4.76276 2.07023e-21
4.77477 1.83591e-21
4.78679 1.62811e-21
4.7988 1.44383e-21
4.81081 1.28041e-21
4.82282 1.13548e-21
4.83483 1.00696e-21
4.84685 8.92989e-22
4.85886 7.91915e-22
4.87087 7.02281e-22
4.88288 6.22793e-22
4.89489 5.52301e-22
4.90691 4.89789e-22
4.91892 4.34351e-22
4.93093 3.85189e-22
4.94294 3.41591e-22
4.95495 3.02927e-22
4.96697 2.6864e-22
4.97898 2.38234e-22
4.99099 2.11269e-22
5.003 1.87356e-22
5.01502 1.6615e-22
5.02703 1.47344e-22
5.03904 1.30667e-22
5.05105 1.15877e-22
5.06306 1.02762e-22
5.07508 9.11305e-23
5.08709 8.08158e-23
5.0991 7.16685e-23
5.11111 6.35567e-23
5.12312 5.63629e-23
5.13514 4.99834e-23
5.14715 4.4326e-23
5.15916 3.93089e-23
5.17117 3.48597e-23
5.18318 3.09141e-23
5.1952 2.7415e-23
5.20721 2.4312e-23
5.21922 2.15602e-23
5.23123 1.91199e-23
5.24324 1.69558e-23
5.25526 1.50366e-23
5.26727 1.33347e-23
5.27928 1.18254e-23
5.29129 1.04869e-23
5.3033 9.29996e-24
5.31532 8.24733e-24
5.32733 7.31385e-24
5.33934 6.48602e-24
5.35135 5.7519e-24
5.36336 5.10086e-24
5.37538 4.52351e-24
5.38739 4.01152e-24
5.3994 3.55747e-24
5.41141 3.15481e-24
5.42342 2.79773e-24
5.43544 2.48107e-24
5.44745 2.20024e-24
5.45946 1.95121e-24
5.47147 1.73036e-24
5.48348 1.53451e-24
5.4955 1.36082e-24
5.50751 1.20679e-24
5.51952 1.0702e-24
5.53153 9.4907e-25
5.54354 8.41649e-25
5.55556 7.46386e-25
5.56757 6.61905e-25
5.57958 5.86987e-25
5.59159 5.20548e-25
5.6036 4.61629e-25
5.61562 4.09379e-25
5.62763 3.63043e-25
5.63964 3.21952e-25
5.65165 2.85511e-25
5.66366 2.53195e-25
5.67568 2.24537e-25
5.68769 1.99123e-25
5.6997 1.76585e-25
5.71171 1.56598e-25
5.72372 1.38873e-25
5.73574 1.23155e-25
5.74775 1.09215e-25
5.75976 9.68536e-26
5.77177 8.58911e-26
5.78378 7.61694e-26
5.7958 6.75481e-26
5.80781 5.99026e-26
5.81982 5.31225e-26
5.83183 4.71097e-26
5.84384 4.17776e-26
5.85586 3.70489e-26
5.86787 3.28555e-26
5.87988 2.91367e-26
5.89189 2.58389e-26
5.9039 2.29143e-26
5.91592 2.03207e-26
5.92793 1.80207e-26
5.93994 1.5981e-26
5.95195 1.41721e-26
5.96396 1.25681e-26
5.97598 1.11455e-26
5.98799 9.88401e-27
6 8.22709e-27
