-6 6.28667e-312
-5.75976 3.29042e-290
-5.51952 3.60739e-269
-5.27928 8.31867e-249
-5.03904 4.00937e-229
-4.7988 3.99585e-210
-4.55856 8.111e-192
-4.31832 3.28773e-174
-4.07808 2.59667e-157
-3.83784 3.87949e-141
-3.5976 1.0587e-125
-3.35736 5.06649e-111
-3.11712 4.0569e-97
-2.87688 5.15185e-84
-2.63664 9.76491e-72
-2.3964 2.58049e-60
-2.15616 8.81212e-50
-1.91592 3.57625e-40
-1.67568 1.57463e-31
-1.43544 6.82536e-24
-1.1952 2.63325e-17
-0.954955 8.18199e-12
-0.714715 1.86769e-07
-0.474474 0.000291407
-0.234234 0.0301087
0.00600601 0.21766
0.246246 0.145494
0.486486 0.020522
0.726727 0.00189855
0.966967 0.000171838
1.20721 1.55514e-05
1.44745 1.40741e-06
1.68769 1.27371e-07
1.92793 1.15271e-08
2.16817 1.0432e-09
2.40841 9.44102e-11
2.64865 8.54415e-12
2.88889 7.73248e-13
3.12913 6.99791e-14
3.36937 6.33313e-15
3.60961 5.7315e-16
3.84985 5.18702e-17
4.09009 4.69427e-18
4.33033 4.24833e-19
4.57057 3.84475e-20
4.81081 3.47951e-21
5.05105 3.14896e-22
5.29129 2.84982e-23
5.53153 2.57909e-24
5.77177 2.32449e-25
