-6 0
-5.75976 0
-5.51952 0
-5.27928 0
-5.03904 2.21518e-278
-4.7988 1.06238e-252
-4.55856 2.85029e-228
-4.31832 4.27899e-205
-4.07808 3.59545e-183
-3.83784 1.69149e-162
-3.5976 4.45709e-143
-3.35736 6.58113e-125
-3.11712 5.44823e-108
-2.87688 2.53051e-92
-2.63664 6.59968e-78
-2.3964 9.67513e-65
-2.15616 7.9836e-53
-1.91592 3.71469e-42
-1.67568 9.76949e-33
-1.43544 1.45716e-24
-1.1952 1.23864e-17
-0.954955 6.0454e-12
-0.714715 1.71493e-07
-0.474474 0.000288977
-0.234234 0.0302234
0.00600601 0.217768
0.246246 0.145525
0.486486 0.0205174
0.726727 0.00189724
0.966967 0.000171718
1.20721 1.55405e-05
1.44745 1.40642e-06
1.68769 1.27281e-07
1.92793 1.1519e-08
2.16817 1.04247e-09
2.40841 9.43439e-11
2.64865 8.53815e-12
2.88889 7.72705e-13
3.12913 6.993e-14
3.36937 6.32869e-15
3.60961 5.72748e-16
3.84985 5.18338e-17
4.09009 4.69098e-18
4.33033 4.24535e-19
4.57057 3.84205e-20
4.81081 3.47707e-21
5.05105 3.14675e-22
5.29129 2.84782e-23
5.53153 2.57729e-24
5.77177 2.33245e-25
