-6 1.82338e-41
-5.75976 2.19478e-38
-5.51952 1.98147e-35
-5.27928 1.34181e-32
-5.03904 6.81604e-30
-4.7988 2.59741e-27
-4.55856 7.42597e-25
-4.31832 1.59297e-22
-4.07808 2.56415e-20
-3.83784 3.09752e-18
-3.5976 2.80846e-16
-3.35736 1.91147e-14
-3.11712 9.76746e-13
-2.87688 3.74788e-11
-2.63664 1.08011e-09
-2.3964 2.33848e-08
-2.15616 3.80448e-07
-1.91592 4.65256e-06
-1.67568 4.27843e-05
-1.43544 0.00029598
-1.1952 0.00154117
-0.954955 0.006044
-0.714715 0.0178655
-0.474474 0.0398415
-0.234234 0.0671115
0.00600601 0.0855167
0.246246 0.0825917
0.486486 0.0606115
0.726727 0.0339139
0.966967 0.014535
1.20721 0.00480237
1.44745 0.00123441
1.68769 0.000250095
1.92793 4.06965e-05
2.16817 5.46194e-06
2.40841 6.26489e-07
2.64865 6.41076e-08
2.88889 6.11514e-09
3.12913 5.63419e-10
3.36937 5.12301e-11
3.60961 4.6407e-12
3.84985 4.20044e-13
4.09009 3.80147e-14
4.33033 3.44035e-15
4.57057 3.11353e-16
4.81081 2.81775e-17
5.05105 2.55007e-18
5.29129 2.30782e-19
5.53153 2.08858e-20
5.77177 1.89017e-21
