-6 1.59205e-41
-5.75976 3.4539e-38
-5.51952 2.90206e-35
-5.27928 1.84498e-32
-5.03904 8.86925e-30
-4.7988 3.22203e-27
-4.55856 8.84034e-25
-4.31832 1.83093e-22
-4.07808 2.86101e-20
-3.83784 3.3714e-18
-3.5976 2.99476e-16
-3.35736 2.00453e-14
-3.11712 1.01069e-12
-2.87688 3.83756e-11
-2.63664 1.09707e-09
-2.3964 2.36093e-08
-2.15616 3.8244e-07
-1.91592 4.66307e-06
-1.67568 4.27996e-05
-1.43544 0.000295764
-1.1952 0.00153927
-0.954955 0.00603584
-0.714715 0.0178435
-0.474474 0.0398012
-0.234234 0.0670595
0.00600601 0.0854671
0.246246 0.0825544
0.486486 0.0605881
0.726727 0.0339023
0.966967 0.0145311
1.20721 0.00480198
1.44745 0.00123479
1.68769 0.000250335
1.92793 4.07747e-05
2.16817 5.47904e-06
2.40841 6.29264e-07
2.64865 6.44656e-08
2.88889 6.15424e-09
3.12913 5.67262e-10
3.36937 5.1588e-11
3.60961 4.67335e-12
3.84985 4.23003e-13
4.09009 3.82826e-14
4.33033 3.46459e-15
4.57057 3.13546e-16
4.81081 2.8376e-17
5.05105 2.56804e-18
5.29129 2.32408e-19
5.53153 2.10316e-20
5.77177 1.8879e-21
