-6 2.67009e-06
-5.75976 5.461e-06
-5.51952 1.08523e-05
-5.27928 2.09546e-05
-5.03904 3.93134e-05
-4.7988 7.16653e-05
-4.55856 0.000126936
-4.31832 0.000218458
-4.07808 0.000365309
-3.83784 0.000593557
-3.5976 0.000937075
-3.35736 0.00143747
-3.11712 0.00214257
-2.87688 0.00310301
-2.63664 0.00436663
-2.3964 0.00597069
-2.15616 0.00793267
-1.91592 0.0102407
-1.67568 0.0128458
-1.43544 0.015657
-1.1952 0.0185429
-0.954955 0.0213388
-0.714715 0.0238607
-0.474474 0.0259252
-0.234234 0.0273707
0.00600601 0.0280786
0.246246 0.0279894
0.486486 0.0271108
0.726727 0.0255165
0.966967 0.0233363
1.20721 0.0207386
1.44745 0.0179086
1.68769 0.0150273
1.92793 0.0122529
2.16817 0.00970822
2.40841 0.00747452
2.64865 0.00559207
2.88889 0.00406545
3.12913 0.00287207
3.36937 0.00197166
3.60961 0.0013153
3.84985 0.000852654
4.09009 0.000537132
4.33033 0.000328814
4.57057 0.000195607
4.81081 0.00011308
5.05105 6.35272e-05
5.29129 3.46821e-05
5.53153 1.84005e-05
5.77177 9.48711e-06
