-6 1.88176e-07
-5.75976 4.28237e-06
-5.51952 1.03038e-05
-5.27928 2.0697e-05
-5.03904 3.91778e-05
-4.7988 7.15637e-05
-4.55856 0.000126814
-4.31832 0.000218271
-4.07808 0.000365004
-3.83784 0.000593064
-3.5976 0.000936302
-3.35736 0.00143629
-3.11712 0.00214083
-2.87688 0.00310054
-2.63664 0.00436322
-2.3964 0.00596611
-2.15616 0.00792671
-1.91592 0.0102332
-1.67568 0.0128366
-1.43544 0.0156461
-1.1952 0.0185303
-0.954955 0.0213246
-0.714715 0.0238453
-0.474474 0.0259089
-0.234234 0.0273539
0.00600601 0.0280618
0.246246 0.0279731
0.486486 0.0270953
0.726727 0.0255022
0.966967 0.0233236
1.20721 0.0207275
1.44745 0.0178992
1.68769 0.0150196
1.92793 0.0122468
2.16817 0.00970347
2.40841 0.00747095
2.64865 0.00558946
2.88889 0.00406361
3.12913 0.00287081
3.36937 0.00197083
3.60961 0.00131477
3.84985 0.00085233
4.09009 0.000536936
4.33033 0.000328691
4.57057 0.00019551
4.81081 0.000112954
5.05105 6.3289e-05
5.29129 3.4173e-05
5.53153 1.73032e-05
5.77177 7.17183e-06
